8.051032e-15
6.875087e-15
5.821221e-15
3.349298e-15
2.031792e-15
1.541052e-13
2.019801e-13
2.094722e-13
2.081108e-13
2.035778e-13
2.015688e-13
2.006944e-13
2.066462e-13
2.054091e-13
2.037985e-13
2.024713e-13
2.094170e-13
2.045397e-13
2.041148e-13
2.073894e-13
2.037040e-13
2.014679e-13
2.038730e-13
2.016227e-13
2.002053e-13
2.003385e-13
2.024500e-13
2.012952e-13
2.018324e-13
1.988290e-13
1.943810e-13
2.033683e-13
2.052413e-13
4.865766e-14
7.275931e-16
2.925979e-15
5.001496e-15
5.794377e-15
5.901495e-15
6.378157e-15
