# Temperatura_=_20.0
# Concentracion g/m^3_=_10000.0
# C_Vs_to_Am_M_A/Vsm_=_25649819763.59163
# pendiente_HvsI_1/m_=_3716.3
# ordenada_HvsI_A/m_=_1297.0
# frecuencia_Hz_=_108497.06517519066
# Promedio de 29 ciclos

Tiempo_(s)	Campo_(V.s)	Magnetizacion_(V.s)	Campo_(kA/m)	Magnetizacion_(A/m)
0.000000e+00	-6.860014e-09	-1.082107e-08	-5.698713e+01	-3.495503e+02
1.000000e-08	-6.860170e-09	-1.082355e-08	-5.698850e+01	-3.495580e+02
2.000000e-08	-6.860161e-09	-1.083944e-08	-5.698852e+01	-3.495494e+02
3.000000e-08	-6.859965e-09	-1.086042e-08	-5.698697e+01	-3.495246e+02
4.000000e-08	-6.859512e-09	-1.086886e-08	-5.698316e+01	-3.494835e+02
5.000000e-08	-6.858726e-09	-1.086781e-08	-5.697648e+01	-3.494261e+02
6.000000e-08	-6.857549e-09	-1.085360e-08	-5.696639e+01	-3.493525e+02
7.000000e-08	-6.855924e-09	-1.081360e-08	-5.695248e+01	-3.492627e+02
8.000000e-08	-6.853792e-09	-1.078428e-08	-5.693433e+01	-3.491566e+02
9.000000e-08	-6.851115e-09	-1.085096e-08	-5.691165e+01	-3.490343e+02
1.000000e-07	-6.847950e-09	-1.093588e-08	-5.688496e+01	-3.488958e+02
1.100000e-07	-6.844389e-09	-1.085644e-08	-5.685507e+01	-3.487410e+02
1.200000e-07	-6.840535e-09	-1.072048e-08	-5.682293e+01	-3.485701e+02
1.300000e-07	-6.836491e-09	-1.076273e-08	-5.678938e+01	-3.483829e+02
1.400000e-07	-6.832286e-09	-1.091804e-08	-5.675450e+01	-3.481795e+02
1.500000e-07	-6.827857e-09	-1.087821e-08	-5.671754e+01	-3.479600e+02
1.600000e-07	-6.823092e-09	-1.067972e-08	-5.667765e+01	-3.477242e+02
1.700000e-07	-6.817943e-09	-1.073821e-08	-5.663469e+01	-3.474723e+02
1.800000e-07	-6.812472e-09	-1.092873e-08	-5.658916e+01	-3.472042e+02
1.900000e-07	-6.806695e-09	-1.079188e-08	-5.654116e+01	-3.469200e+02
2.000000e-07	-6.800617e-09	-1.060982e-08	-5.649067e+01	-3.466197e+02
2.100000e-07	-6.794270e-09	-1.083173e-08	-5.643791e+01	-3.463032e+02
2.200000e-07	-6.787630e-09	-1.095246e-08	-5.638264e+01	-3.459707e+02
2.300000e-07	-6.780636e-09	-1.066049e-08	-5.632442e+01	-3.456220e+02
2.400000e-07	-6.773302e-09	-1.064312e-08	-5.626344e+01	-3.452573e+02
2.500000e-07	-6.765727e-09	-1.092245e-08	-5.620047e+01	-3.448766e+02
2.600000e-07	-6.757983e-09	-1.083389e-08	-5.613608e+01	-3.444798e+02
2.700000e-07	-6.750070e-09	-1.071534e-08	-5.607040e+01	-3.440669e+02
2.800000e-07	-6.741984e-09	-1.102134e-08	-5.600329e+01	-3.436381e+02
2.900000e-07	-6.733688e-09	-1.106701e-08	-5.593427e+01	-3.431933e+02
3.000000e-07	-6.725060e-09	-1.074621e-08	-5.586242e+01	-3.427326e+02
3.100000e-07	-6.716005e-09	-1.083229e-08	-5.578688e+01	-3.422559e+02
3.200000e-07	-6.706430e-09	-1.100676e-08	-5.570689e+01	-3.417633e+02
3.300000e-07	-6.696260e-09	-1.073955e-08	-5.562196e+01	-3.412548e+02
3.400000e-07	-6.685532e-09	-1.069340e-08	-5.553249e+01	-3.407305e+02
3.500000e-07	-6.674365e-09	-1.096041e-08	-5.543949e+01	-3.401903e+02
3.600000e-07	-6.662840e-09	-1.081561e-08	-5.534356e+01	-3.396343e+02
3.700000e-07	-6.650972e-09	-1.071017e-08	-5.524481e+01	-3.390625e+02
3.800000e-07	-6.638801e-09	-1.101893e-08	-5.514356e+01	-3.384749e+02
3.900000e-07	-6.626328e-09	-1.099941e-08	-5.503968e+01	-3.378716e+02
4.000000e-07	-6.613511e-09	-1.088584e-08	-5.493293e+01	-3.372526e+02
4.100000e-07	-6.600359e-09	-1.117413e-08	-5.482348e+01	-3.366179e+02
4.200000e-07	-6.586902e-09	-1.117336e-08	-5.471156e+01	-3.359675e+02
4.300000e-07	-6.573167e-09	-1.093525e-08	-5.459742e+01	-3.353015e+02
4.400000e-07	-6.559181e-09	-1.107835e-08	-5.448122e+01	-3.346200e+02
4.500000e-07	-6.544913e-09	-1.112604e-08	-5.436258e+01	-3.339229e+02
4.600000e-07	-6.530279e-09	-1.093490e-08	-5.424080e+01	-3.332102e+02
4.700000e-07	-6.515259e-09	-1.094827e-08	-5.411564e+01	-3.324821e+02
4.800000e-07	-6.499807e-09	-1.097239e-08	-5.398685e+01	-3.317385e+02
4.900000e-07	-6.483914e-09	-1.091060e-08	-5.385448e+01	-3.309795e+02
5.000000e-07	-6.467640e-09	-1.089678e-08	-5.371901e+01	-3.302051e+02
5.100000e-07	-6.451036e-09	-1.082797e-08	-5.358088e+01	-3.294153e+02
5.200000e-07	-6.434153e-09	-1.083106e-08	-5.344060e+01	-3.286102e+02
5.300000e-07	-6.417016e-09	-1.087822e-08	-5.329826e+01	-3.277899e+02
5.400000e-07	-6.399631e-09	-1.074179e-08	-5.315378e+01	-3.269543e+02
5.500000e-07	-6.381994e-09	-1.069314e-08	-5.300716e+01	-3.261035e+02
5.600000e-07	-6.364084e-09	-1.077764e-08	-5.285825e+01	-3.252375e+02
5.700000e-07	-6.345844e-09	-1.068695e-08	-5.270662e+01	-3.243564e+02
5.800000e-07	-6.327256e-09	-1.060639e-08	-5.255210e+01	-3.234603e+02
5.900000e-07	-6.308304e-09	-1.067492e-08	-5.239463e+01	-3.225490e+02
6.000000e-07	-6.288999e-09	-1.063299e-08	-5.223429e+01	-3.216228e+02
6.100000e-07	-6.269429e-09	-1.053878e-08	-5.207174e+01	-3.206817e+02
6.200000e-07	-6.249660e-09	-1.056703e-08	-5.190756e+01	-3.197256e+02
6.300000e-07	-6.229730e-09	-1.053741e-08	-5.174213e+01	-3.187547e+02
6.400000e-07	-6.209639e-09	-1.044172e-08	-5.157536e+01	-3.177689e+02
6.500000e-07	-6.189367e-09	-1.044100e-08	-5.140695e+01	-3.167684e+02
6.600000e-07	-6.168897e-09	-1.044021e-08	-5.123684e+01	-3.157531e+02
6.700000e-07	-6.148205e-09	-1.037054e-08	-5.106489e+01	-3.147232e+02
6.800000e-07	-6.127242e-09	-1.033146e-08	-5.089070e+01	-3.136786e+02
6.900000e-07	-6.105994e-09	-1.033586e-08	-5.071419e+01	-3.126195e+02
7.000000e-07	-6.084459e-09	-1.030481e-08	-5.053540e+01	-3.115458e+02
7.100000e-07	-6.062658e-09	-1.024922e-08	-5.035443e+01	-3.104576e+02
7.200000e-07	-6.040625e-09	-1.021432e-08	-5.017136e+01	-3.093550e+02
7.300000e-07	-6.018344e-09	-1.018785e-08	-4.998611e+01	-3.082380e+02
7.400000e-07	-5.995745e-09	-1.014525e-08	-4.979831e+01	-3.071066e+02
7.500000e-07	-5.972805e-09	-1.009927e-08	-4.960774e+01	-3.059610e+02
7.600000e-07	-5.949571e-09	-1.007271e-08	-4.941467e+01	-3.048012e+02
7.700000e-07	-5.926070e-09	-1.003821e-08	-4.921939e+01	-3.036272e+02
7.800000e-07	-5.902317e-09	-9.996880e-09	-4.902211e+01	-3.024390e+02
7.900000e-07	-5.878355e-09	-9.971405e-09	-4.882319e+01	-3.012368e+02
8.000000e-07	-5.854213e-09	-9.935886e-09	-4.862265e+01	-3.000206e+02
8.100000e-07	-5.829832e-09	-9.878066e-09	-4.842004e+01	-2.987905e+02
8.200000e-07	-5.805176e-09	-9.834853e-09	-4.821513e+01	-2.975465e+02
8.300000e-07	-5.780226e-09	-9.807619e-09	-4.800769e+01	-2.962886e+02
8.400000e-07	-5.754937e-09	-9.759085e-09	-4.779730e+01	-2.950169e+02
8.500000e-07	-5.729246e-09	-9.711811e-09	-4.758354e+01	-2.937316e+02
8.600000e-07	-5.703155e-09	-9.680583e-09	-4.736640e+01	-2.924325e+02
8.700000e-07	-5.676710e-09	-9.637554e-09	-4.714622e+01	-2.911199e+02
8.800000e-07	-5.649899e-09	-9.587693e-09	-4.692304e+01	-2.897937e+02
8.900000e-07	-5.622738e-09	-9.549608e-09	-4.669716e+01	-2.884541e+02
9.000000e-07	-5.595313e-09	-9.508505e-09	-4.646921e+01	-2.871010e+02
9.100000e-07	-5.567666e-09	-9.455294e-09	-4.623951e+01	-2.857346e+02
9.200000e-07	-5.539806e-09	-9.414441e-09	-4.600815e+01	-2.843549e+02
9.300000e-07	-5.511764e-09	-9.375647e-09	-4.577532e+01	-2.829620e+02
9.400000e-07	-5.483547e-09	-9.321458e-09	-4.554106e+01	-2.815560e+02
9.500000e-07	-5.455131e-09	-9.270211e-09	-4.530510e+01	-2.801368e+02
9.600000e-07	-5.426495e-09	-9.230411e-09	-4.506720e+01	-2.787046e+02
9.700000e-07	-5.397603e-09	-9.185681e-09	-4.482710e+01	-2.772595e+02
9.800000e-07	-5.368448e-09	-9.132851e-09	-4.458486e+01	-2.758014e+02
9.900000e-07	-5.339043e-09	-9.086585e-09	-4.434062e+01	-2.743306e+02
1.000000e-06	-5.309372e-09	-9.038003e-09	-4.409415e+01	-2.728470e+02
1.010000e-06	-5.279462e-09	-8.983505e-09	-4.384559e+01	-2.713506e+02
1.020000e-06	-5.249306e-09	-8.932831e-09	-4.359497e+01	-2.698417e+02
1.030000e-06	-5.218915e-09	-8.882775e-09	-4.334252e+01	-2.683202e+02
1.040000e-06	-5.188324e-09	-8.828148e-09	-4.308841e+01	-2.667863e+02
1.050000e-06	-5.157515e-09	-8.777757e-09	-4.283240e+01	-2.652399e+02
1.060000e-06	-5.126505e-09	-8.733627e-09	-4.257465e+01	-2.636813e+02
1.070000e-06	-5.095316e-09	-8.678842e-09	-4.231547e+01	-2.621103e+02
1.080000e-06	-5.063951e-09	-8.621037e-09	-4.205491e+01	-2.605272e+02
1.090000e-06	-5.032413e-09	-8.572310e-09	-4.179302e+01	-2.589319e+02
1.100000e-06	-5.000706e-09	-8.522978e-09	-4.152974e+01	-2.573246e+02
1.110000e-06	-4.968812e-09	-8.467336e-09	-4.126477e+01	-2.557054e+02
1.120000e-06	-4.936736e-09	-8.411001e-09	-4.099821e+01	-2.540742e+02
1.130000e-06	-4.904493e-09	-8.355718e-09	-4.073017e+01	-2.524312e+02
1.140000e-06	-4.872030e-09	-8.299242e-09	-4.046029e+01	-2.507765e+02
1.150000e-06	-4.839303e-09	-8.247309e-09	-4.018825e+01	-2.491102e+02
1.160000e-06	-4.806279e-09	-8.195668e-09	-3.991371e+01	-2.474322e+02
1.170000e-06	-4.772925e-09	-8.140981e-09	-3.963634e+01	-2.457428e+02
1.180000e-06	-4.739221e-09	-8.088973e-09	-3.935609e+01	-2.440419e+02
1.190000e-06	-4.705180e-09	-8.039824e-09	-3.907309e+01	-2.423297e+02
1.200000e-06	-4.670807e-09	-7.986504e-09	-3.878734e+01	-2.406062e+02
1.210000e-06	-4.636123e-09	-7.924402e-09	-3.849895e+01	-2.388715e+02
1.220000e-06	-4.601154e-09	-7.863471e-09	-3.820816e+01	-2.371257e+02
1.230000e-06	-4.565914e-09	-7.809580e-09	-3.791515e+01	-2.353688e+02
1.240000e-06	-4.530438e-09	-7.759157e-09	-3.762040e+01	-2.336011e+02
1.250000e-06	-4.494762e-09	-7.705472e-09	-3.732424e+01	-2.318224e+02
1.260000e-06	-4.458925e-09	-7.648840e-09	-3.702668e+01	-2.300330e+02
1.270000e-06	-4.422950e-09	-7.592752e-09	-3.672786e+01	-2.282329e+02
1.280000e-06	-4.386842e-09	-7.534789e-09	-3.642797e+01	-2.264222e+02
1.290000e-06	-4.350604e-09	-7.474789e-09	-3.612691e+01	-2.246009e+02
1.300000e-06	-4.314234e-09	-7.412401e-09	-3.582472e+01	-2.227692e+02
1.310000e-06	-4.277702e-09	-7.353653e-09	-3.552122e+01	-2.209272e+02
1.320000e-06	-4.240990e-09	-7.300487e-09	-3.521620e+01	-2.190748e+02
1.330000e-06	-4.204104e-09	-7.246673e-09	-3.490978e+01	-2.172123e+02
1.340000e-06	-4.167028e-09	-7.187078e-09	-3.460177e+01	-2.153397e+02
1.350000e-06	-4.129770e-09	-7.122546e-09	-3.429221e+01	-2.134571e+02
1.360000e-06	-4.092331e-09	-7.063033e-09	-3.398115e+01	-2.115645e+02
1.370000e-06	-4.054660e-09	-7.006829e-09	-3.366816e+01	-2.096621e+02
1.380000e-06	-4.016784e-09	-6.945766e-09	-3.335344e+01	-2.077499e+02
1.390000e-06	-3.978728e-09	-6.881711e-09	-3.303724e+01	-2.058281e+02
1.400000e-06	-3.940472e-09	-6.819607e-09	-3.271940e+01	-2.038967e+02
1.410000e-06	-3.902008e-09	-6.761065e-09	-3.239982e+01	-2.019558e+02
1.420000e-06	-3.863361e-09	-6.702274e-09	-3.207871e+01	-2.000056e+02
1.430000e-06	-3.824527e-09	-6.641699e-09	-3.175610e+01	-1.980460e+02
1.440000e-06	-3.785524e-09	-6.578095e-09	-3.143214e+01	-1.960772e+02
1.450000e-06	-3.746389e-09	-6.509641e-09	-3.110698e+01	-1.940993e+02
1.460000e-06	-3.707123e-09	-6.443480e-09	-3.078058e+01	-1.921124e+02
1.470000e-06	-3.667741e-09	-6.378987e-09	-3.045324e+01	-1.901165e+02
1.480000e-06	-3.628238e-09	-6.310083e-09	-3.012503e+01	-1.881118e+02
1.490000e-06	-3.588610e-09	-6.246256e-09	-2.979593e+01	-1.860984e+02
1.500000e-06	-3.548861e-09	-6.192539e-09	-2.946584e+01	-1.840763e+02
1.510000e-06	-3.508986e-09	-6.136849e-09	-2.913461e+01	-1.820456e+02
1.520000e-06	-3.468981e-09	-6.070144e-09	-2.880219e+01	-1.800065e+02
1.530000e-06	-3.428841e-09	-5.996475e-09	-2.846866e+01	-1.779590e+02
1.540000e-06	-3.388556e-09	-5.919611e-09	-2.813403e+01	-1.759032e+02
1.550000e-06	-3.348108e-09	-5.843071e-09	-2.779806e+01	-1.738392e+02
1.560000e-06	-3.307509e-09	-5.776364e-09	-2.746071e+01	-1.717672e+02
1.570000e-06	-3.266775e-09	-5.717105e-09	-2.712212e+01	-1.696871e+02
1.580000e-06	-3.225893e-09	-5.656899e-09	-2.678218e+01	-1.675992e+02
1.590000e-06	-3.184811e-09	-5.595636e-09	-2.644063e+01	-1.655035e+02
1.600000e-06	-3.143482e-09	-5.530552e-09	-2.609720e+01	-1.634000e+02
1.610000e-06	-3.101945e-09	-5.455448e-09	-2.575209e+01	-1.612890e+02
1.620000e-06	-3.060211e-09	-5.375108e-09	-2.540524e+01	-1.591705e+02
1.630000e-06	-3.018261e-09	-5.297824e-09	-2.505656e+01	-1.570445e+02
1.640000e-06	-2.976098e-09	-5.225552e-09	-2.470618e+01	-1.549113e+02
1.650000e-06	-2.933753e-09	-5.160612e-09	-2.435423e+01	-1.527708e+02
1.660000e-06	-2.891225e-09	-5.099103e-09	-2.400077e+01	-1.506233e+02
1.670000e-06	-2.848500e-09	-5.033536e-09	-2.364573e+01	-1.484687e+02
1.680000e-06	-2.805611e-09	-4.963671e-09	-2.328933e+01	-1.463072e+02
1.690000e-06	-2.762593e-09	-4.890502e-09	-2.293189e+01	-1.441390e+02
1.700000e-06	-2.719446e-09	-4.813202e-09	-2.257339e+01	-1.419640e+02
1.710000e-06	-2.676168e-09	-4.736794e-09	-2.221378e+01	-1.397824e+02
1.720000e-06	-2.632765e-09	-4.665485e-09	-2.185308e+01	-1.375943e+02
1.730000e-06	-2.589246e-09	-4.598572e-09	-2.149137e+01	-1.353998e+02
1.740000e-06	-2.545617e-09	-4.533749e-09	-2.112885e+01	-1.331990e+02
1.750000e-06	-2.501878e-09	-4.461420e-09	-2.076556e+01	-1.309921e+02
1.760000e-06	-2.458038e-09	-4.382846e-09	-2.040132e+01	-1.287790e+02
1.770000e-06	-2.414102e-09	-4.309634e-09	-2.003629e+01	-1.265599e+02
1.780000e-06	-2.370066e-09	-4.240059e-09	-1.967055e+01	-1.243350e+02
1.790000e-06	-2.325925e-09	-4.169088e-09	-1.930391e+01	-1.221042e+02
1.800000e-06	-2.281689e-09	-4.098598e-09	-1.893639e+01	-1.198678e+02
1.810000e-06	-2.237367e-09	-4.030590e-09	-1.856815e+01	-1.176258e+02
1.820000e-06	-2.192958e-09	-3.957297e-09	-1.819924e+01	-1.153783e+02
1.830000e-06	-2.148469e-09	-3.876771e-09	-1.782974e+01	-1.131255e+02
1.840000e-06	-2.103900e-09	-3.800803e-09	-1.745960e+01	-1.108674e+02
1.850000e-06	-2.059249e-09	-3.733561e-09	-1.708874e+01	-1.086041e+02
1.860000e-06	-2.014508e-09	-3.672284e-09	-1.671712e+01	-1.063358e+02
1.870000e-06	-1.969689e-09	-3.607224e-09	-1.634489e+01	-1.040625e+02
1.880000e-06	-1.924805e-09	-3.537752e-09	-1.597218e+01	-1.017844e+02
1.890000e-06	-1.879829e-09	-3.464076e-09	-1.559881e+01	-9.950153e+01
1.900000e-06	-1.834787e-09	-3.380109e-09	-1.522480e+01	-9.721405e+01
1.910000e-06	-1.789690e-09	-3.294392e-09	-1.485023e+01	-9.492205e+01
1.920000e-06	-1.744525e-09	-3.215254e-09	-1.447509e+01	-9.262562e+01
1.930000e-06	-1.699300e-09	-3.148815e-09	-1.409941e+01	-9.032489e+01
1.940000e-06	-1.654004e-09	-3.089698e-09	-1.372316e+01	-8.801995e+01
1.950000e-06	-1.608633e-09	-3.027631e-09	-1.334632e+01	-8.571092e+01
1.960000e-06	-1.563171e-09	-2.955973e-09	-1.296877e+01	-8.339789e+01
1.970000e-06	-1.517637e-09	-2.874416e-09	-1.259056e+01	-8.108098e+01
1.980000e-06	-1.472040e-09	-2.790505e-09	-1.221173e+01	-7.876030e+01
1.990000e-06	-1.426373e-09	-2.706817e-09	-1.183238e+01	-7.643595e+01
2.000000e-06	-1.380634e-09	-2.630499e-09	-1.145241e+01	-7.410804e+01
2.010000e-06	-1.334814e-09	-2.563964e-09	-1.107173e+01	-7.177668e+01
2.020000e-06	-1.288896e-09	-2.503222e-09	-1.069033e+01	-6.944198e+01
2.030000e-06	-1.242904e-09	-2.438512e-09	-1.030839e+01	-6.710405e+01
2.040000e-06	-1.196876e-09	-2.364746e-09	-9.926093e+00	-6.476299e+01
2.050000e-06	-1.150805e-09	-2.286308e-09	-9.543311e+00	-6.241891e+01
2.060000e-06	-1.104683e-09	-2.203993e-09	-9.160009e+00	-6.007193e+01
2.070000e-06	-1.058507e-09	-2.121079e-09	-8.776256e+00	-5.772215e+01
2.080000e-06	-1.012290e-09	-2.042648e-09	-8.392198e+00	-5.536968e+01
2.090000e-06	-9.660391e-10	-1.973855e-09	-8.007836e+00	-5.301463e+01
2.100000e-06	-9.197513e-10	-1.908228e-09	-7.623203e+00	-5.065710e+01
2.110000e-06	-8.734109e-10	-1.838057e-09	-7.238199e+00	-4.829722e+01
2.120000e-06	-8.270318e-10	-1.761389e-09	-6.852885e+00	-4.593509e+01
2.130000e-06	-7.806341e-10	-1.678489e-09	-6.467413e+00	-4.357082e+01
2.140000e-06	-7.342164e-10	-1.595700e-09	-6.081712e+00	-4.120451e+01
2.150000e-06	-6.877617e-10	-1.520240e-09	-5.695727e+00	-3.883629e+01
2.160000e-06	-6.412630e-10	-1.448533e-09	-5.309521e+00	-3.646625e+01
2.170000e-06	-5.947255e-10	-1.369311e-09	-4.923000e+00	-3.409451e+01
2.180000e-06	-5.481713e-10	-1.290112e-09	-4.536207e+00	-3.172118e+01
2.190000e-06	-5.016011e-10	-1.216723e-09	-4.149291e+00	-2.934637e+01
2.200000e-06	-4.549946e-10	-1.144683e-09	-3.762182e+00	-2.697019e+01
2.210000e-06	-4.083741e-10	-1.072476e-09	-3.374957e+00	-2.459275e+01
2.220000e-06	-3.617164e-10	-9.981094e-10	-2.987394e+00	-2.221416e+01
2.230000e-06	-3.150376e-10	-9.237492e-10	-2.599743e+00	-1.983453e+01
2.240000e-06	-2.683571e-10	-8.435827e-10	-2.212114e+00	-1.745398e+01
2.250000e-06	-2.216652e-10	-7.557756e-10	-1.824280e+00	-1.507260e+01
2.260000e-06	-1.749556e-10	-6.639333e-10	-1.436293e+00	-1.269052e+01
2.270000e-06	-1.282291e-10	-5.789859e-10	-1.048289e+00	-1.030784e+01
2.280000e-06	-8.149504e-11	-5.077290e-10	-6.602234e-01	-7.924682e+00
2.290000e-06	-3.475366e-11	-4.419717e-10	-2.720588e-01	-5.541145e+00
2.300000e-06	1.197873e-11	-3.793804e-10	1.159994e-01	-3.157345e+00
2.310000e-06	5.869371e-11	-3.098568e-10	5.038847e-01	-7.733911e-01
2.320000e-06	1.053894e-10	-2.306084e-10	8.916423e-01	1.610605e+00
2.330000e-06	1.520589e-10	-1.434770e-10	1.279239e+00	3.994532e+00
2.340000e-06	1.987124e-10	-5.311187e-11	1.666671e+00	6.378280e+00
2.350000e-06	2.453584e-10	3.370382e-11	2.054051e+00	8.761738e+00
2.360000e-06	2.919999e-10	1.165528e-10	2.441399e+00	1.114480e+01
2.370000e-06	3.386414e-10	1.899012e-10	2.828694e+00	1.352734e+01
2.380000e-06	3.852606e-10	2.554126e-10	3.215888e+00	1.590926e+01
2.390000e-06	4.318502e-10	3.191467e-10	3.602907e+00	1.829045e+01
2.400000e-06	4.784080e-10	3.926001e-10	3.989718e+00	2.067080e+01
2.410000e-06	5.249461e-10	4.757664e-10	4.376375e+00	2.305019e+01
2.420000e-06	5.714747e-10	5.607460e-10	4.762897e+00	2.542852e+01
2.430000e-06	6.179896e-10	6.445717e-10	5.149288e+00	2.780567e+01
2.440000e-06	6.644721e-10	7.250001e-10	5.535432e+00	3.018153e+01
2.450000e-06	7.109170e-10	8.038576e-10	5.921355e+00	3.255600e+01
2.460000e-06	7.573537e-10	8.756812e-10	6.307170e+00	3.492896e+01
2.470000e-06	8.037684e-10	9.437564e-10	6.692698e+00	3.730031e+01
2.480000e-06	8.501341e-10	1.014280e-09	7.077781e+00	3.966993e+01
2.490000e-06	8.964246e-10	1.089640e-09	7.462251e+00	4.203771e+01
2.500000e-06	9.426584e-10	1.169838e-09	7.846286e+00	4.440354e+01
2.510000e-06	9.888758e-10	1.252892e-09	8.230264e+00	4.676731e+01
2.520000e-06	1.035049e-09	1.335598e-09	8.613918e+00	4.912892e+01
2.530000e-06	1.081177e-09	1.407977e-09	8.997120e+00	5.148825e+01
2.540000e-06	1.127245e-09	1.477480e-09	9.379747e+00	5.384520e+01
2.550000e-06	1.173231e-09	1.553095e-09	9.761764e+00	5.619964e+01
2.560000e-06	1.219140e-09	1.628276e-09	1.014323e+01	5.855149e+01
2.570000e-06	1.264977e-09	1.698195e-09	1.052405e+01	6.090061e+01
2.580000e-06	1.310759e-09	1.766650e-09	1.090431e+01	6.324692e+01
2.590000e-06	1.356481e-09	1.838815e-09	1.128417e+01	6.559029e+01
2.600000e-06	1.402135e-09	1.909097e-09	1.166351e+01	6.793061e+01
2.610000e-06	1.447720e-09	1.979761e-09	1.204222e+01	7.026779e+01
2.620000e-06	1.493239e-09	2.061960e-09	1.242051e+01	7.260171e+01
2.630000e-06	1.538694e-09	2.151271e-09	1.279823e+01	7.493226e+01
2.640000e-06	1.584086e-09	2.235331e-09	1.317534e+01	7.725933e+01
2.650000e-06	1.629408e-09	2.306842e-09	1.355190e+01	7.958282e+01
2.660000e-06	1.674671e-09	2.365750e-09	1.392795e+01	8.190261e+01
2.670000e-06	1.719866e-09	2.420057e-09	1.430338e+01	8.421861e+01
2.680000e-06	1.764967e-09	2.476135e-09	1.467798e+01	8.653070e+01
2.690000e-06	1.809985e-09	2.545285e-09	1.505183e+01	8.883877e+01
2.700000e-06	1.854941e-09	2.635231e-09	1.542517e+01	9.114272e+01
2.710000e-06	1.899801e-09	2.736426e-09	1.579782e+01	9.344244e+01
2.720000e-06	1.944583e-09	2.830288e-09	1.616984e+01	9.573782e+01
2.730000e-06	1.989312e-09	2.901445e-09	1.654133e+01	9.802876e+01
2.740000e-06	2.033956e-09	2.955365e-09	1.691208e+01	1.003152e+02
2.750000e-06	2.078510e-09	3.003444e-09	1.728216e+01	1.025969e+02
2.760000e-06	2.122986e-09	3.058399e-09	1.765164e+01	1.048739e+02
2.770000e-06	2.167394e-09	3.128636e-09	1.802053e+01	1.071460e+02
2.780000e-06	2.211741e-09	3.214141e-09	1.838891e+01	1.094131e+02
2.790000e-06	2.255999e-09	3.309770e-09	1.875659e+01	1.116751e+02
2.800000e-06	2.300161e-09	3.401148e-09	1.912345e+01	1.139320e+02
2.810000e-06	2.344245e-09	3.477668e-09	1.948957e+01	1.161836e+02
2.820000e-06	2.388245e-09	3.535978e-09	1.985494e+01	1.184298e+02
2.830000e-06	2.432161e-09	3.587250e-09	2.021960e+01	1.206705e+02
2.840000e-06	2.475983e-09	3.642824e-09	2.058355e+01	1.229056e+02
2.850000e-06	2.519702e-09	3.709427e-09	2.094680e+01	1.251349e+02
2.860000e-06	2.563308e-09	3.788047e-09	2.130906e+01	1.273585e+02
2.870000e-06	2.606795e-09	3.869220e-09	2.167026e+01	1.295762e+02
2.880000e-06	2.650192e-09	3.948168e-09	2.203072e+01	1.317878e+02
2.890000e-06	2.693474e-09	4.023933e-09	2.239022e+01	1.339933e+02
2.900000e-06	2.736603e-09	4.095028e-09	2.274849e+01	1.361926e+02
2.910000e-06	2.779578e-09	4.156170e-09	2.310560e+01	1.383856e+02
2.920000e-06	2.822387e-09	4.214221e-09	2.346133e+01	1.405722e+02
2.930000e-06	2.865011e-09	4.281607e-09	2.381546e+01	1.427522e+02
2.940000e-06	2.907450e-09	4.358068e-09	2.416808e+01	1.449256e+02
2.950000e-06	2.949711e-09	4.433770e-09	2.451927e+01	1.470922e+02
2.960000e-06	2.991790e-09	4.503142e-09	2.486885e+01	1.492521e+02
2.970000e-06	3.033651e-09	4.572097e-09	2.521656e+01	1.514050e+02
2.980000e-06	3.075297e-09	4.643525e-09	2.556264e+01	1.535509e+02
2.990000e-06	3.116752e-09	4.715812e-09	2.590716e+01	1.556896e+02
3.000000e-06	3.158008e-09	4.784195e-09	2.624995e+01	1.578211e+02
3.010000e-06	3.199060e-09	4.850589e-09	2.659101e+01	1.599453e+02
3.020000e-06	3.239927e-09	4.919168e-09	2.693055e+01	1.620621e+02
3.030000e-06	3.280622e-09	4.988277e-09	2.726871e+01	1.641713e+02
3.040000e-06	3.321163e-09	5.053832e-09	2.760552e+01	1.662729e+02
3.050000e-06	3.361562e-09	5.114148e-09	2.794113e+01	1.683668e+02
3.060000e-06	3.401820e-09	5.178167e-09	2.827559e+01	1.704529e+02
3.070000e-06	3.441941e-09	5.248859e-09	2.860889e+01	1.725310e+02
3.080000e-06	3.481912e-09	5.319948e-09	2.894090e+01	1.746012e+02
3.090000e-06	3.521748e-09	5.387669e-09	2.927175e+01	1.766632e+02
3.100000e-06	3.561464e-09	5.454760e-09	2.960160e+01	1.787170e+02
3.110000e-06	3.601039e-09	5.521853e-09	2.993026e+01	1.807626e+02
3.120000e-06	3.640480e-09	5.584563e-09	3.025783e+01	1.827997e+02
3.130000e-06	3.679787e-09	5.641151e-09	3.058430e+01	1.848283e+02
3.140000e-06	3.718948e-09	5.694985e-09	3.090950e+01	1.868484e+02
3.150000e-06	3.757945e-09	5.755556e-09	3.123335e+01	1.888598e+02
3.160000e-06	3.796781e-09	5.825261e-09	3.155595e+01	1.908624e+02
3.170000e-06	3.835484e-09	5.896204e-09	3.187746e+01	1.928561e+02
3.180000e-06	3.874024e-09	5.961428e-09	3.219764e+01	1.948409e+02
3.190000e-06	3.912379e-09	6.021835e-09	3.251627e+01	1.968167e+02
3.200000e-06	3.950548e-09	6.081581e-09	3.283338e+01	1.987833e+02
3.210000e-06	3.988536e-09	6.137104e-09	3.314899e+01	2.007406e+02
3.220000e-06	4.026343e-09	6.188600e-09	3.346298e+01	2.026887e+02
3.230000e-06	4.063952e-09	6.243069e-09	3.377523e+01	2.046273e+02
3.240000e-06	4.101372e-09	6.305582e-09	3.408591e+01	2.065564e+02
3.250000e-06	4.138604e-09	6.373716e-09	3.439517e+01	2.084760e+02
3.260000e-06	4.175655e-09	6.439218e-09	3.470293e+01	2.103858e+02
3.270000e-06	4.212550e-09	6.496799e-09	3.500932e+01	2.122859e+02
3.280000e-06	4.249278e-09	6.549209e-09	3.531433e+01	2.141761e+02
3.290000e-06	4.285844e-09	6.604474e-09	3.561792e+01	2.160564e+02
3.300000e-06	4.322264e-09	6.662655e-09	3.592034e+01	2.179266e+02
3.310000e-06	4.358511e-09	6.720227e-09	3.622141e+01	2.197867e+02
3.320000e-06	4.394602e-09	6.774115e-09	3.652119e+01	2.216366e+02
3.330000e-06	4.430574e-09	6.826529e-09	3.681986e+01	2.234762e+02
3.340000e-06	4.466400e-09	6.883874e-09	3.711724e+01	2.253055e+02
3.350000e-06	4.502034e-09	6.945353e-09	3.741317e+01	2.271242e+02
3.360000e-06	4.537487e-09	7.003729e-09	3.770771e+01	2.289324e+02
3.370000e-06	4.572749e-09	7.055535e-09	3.800066e+01	2.307300e+02
3.380000e-06	4.607742e-09	7.109455e-09	3.829133e+01	2.325169e+02
3.390000e-06	4.642431e-09	7.169212e-09	3.857949e+01	2.342929e+02
3.400000e-06	4.676817e-09	7.226799e-09	3.886525e+01	2.360581e+02
3.410000e-06	4.710871e-09	7.276297e-09	3.914829e+01	2.378123e+02
3.420000e-06	4.744601e-09	7.323919e-09	3.942854e+01	2.395555e+02
3.430000e-06	4.778015e-09	7.378195e-09	3.970613e+01	2.412875e+02
3.440000e-06	4.811118e-09	7.435665e-09	3.998099e+01	2.430084e+02
3.450000e-06	4.843950e-09	7.488791e-09	4.025350e+01	2.447179e+02
3.460000e-06	4.876549e-09	7.536479e-09	4.052418e+01	2.464161e+02
3.470000e-06	4.908931e-09	7.586936e-09	4.079309e+01	2.481028e+02
3.480000e-06	4.941119e-09	7.643284e-09	4.106037e+01	2.497780e+02
3.490000e-06	4.973127e-09	7.698945e-09	4.132624e+01	2.514416e+02
3.500000e-06	5.004959e-09	7.749883e-09	4.159064e+01	2.530936e+02
3.510000e-06	5.036636e-09	7.797681e-09	4.185368e+01	2.547337e+02
3.520000e-06	5.068138e-09	7.844985e-09	4.211528e+01	2.563621e+02
3.530000e-06	5.099429e-09	7.891876e-09	4.237508e+01	2.579785e+02
3.540000e-06	5.130504e-09	7.938832e-09	4.263307e+01	2.595829e+02
3.550000e-06	5.161358e-09	7.986873e-09	4.288931e+01	2.611753e+02
3.560000e-06	5.191966e-09	8.036381e-09	4.314344e+01	2.627556e+02
3.570000e-06	5.222322e-09	8.087207e-09	4.339543e+01	2.643236e+02
3.580000e-06	5.252458e-09	8.137956e-09	4.364566e+01	2.658794e+02
3.590000e-06	5.282373e-09	8.185866e-09	4.389412e+01	2.674228e+02
3.600000e-06	5.312053e-09	8.231490e-09	4.414063e+01	2.689538e+02
3.610000e-06	5.341487e-09	8.277550e-09	4.438517e+01	2.704723e+02
3.620000e-06	5.370689e-09	8.323457e-09	4.462780e+01	2.719782e+02
3.630000e-06	5.399685e-09	8.369694e-09	4.486867e+01	2.734715e+02
3.640000e-06	5.428468e-09	8.416556e-09	4.510777e+01	2.749521e+02
3.650000e-06	5.457035e-09	8.463153e-09	4.534500e+01	2.764199e+02
3.660000e-06	5.485394e-09	8.509054e-09	4.558051e+01	2.778749e+02
3.670000e-06	5.513559e-09	8.554309e-09	4.581442e+01	2.793170e+02
3.680000e-06	5.541564e-09	8.598800e-09	4.604692e+01	2.807461e+02
3.690000e-06	5.569418e-09	8.640260e-09	4.627819e+01	2.821621e+02
3.700000e-06	5.597083e-09	8.680185e-09	4.650795e+01	2.835651e+02
3.710000e-06	5.624525e-09	8.722293e-09	4.673582e+01	2.849549e+02
3.720000e-06	5.651682e-09	8.765950e-09	4.696130e+01	2.863314e+02
3.730000e-06	5.678485e-09	8.808586e-09	4.718411e+01	2.876946e+02
3.740000e-06	5.704889e-09	8.850152e-09	4.740384e+01	2.890445e+02
3.750000e-06	5.730856e-09	8.893640e-09	4.761978e+01	2.903810e+02
3.760000e-06	5.756399e-09	8.937934e-09	4.783189e+01	2.917039e+02
3.770000e-06	5.781532e-09	8.980019e-09	4.804059e+01	2.930133e+02
3.780000e-06	5.806294e-09	9.019272e-09	4.824628e+01	2.943091e+02
3.790000e-06	5.830765e-09	9.055213e-09	4.844948e+01	2.955912e+02
3.800000e-06	5.854991e-09	9.088233e-09	4.865061e+01	2.968596e+02
3.810000e-06	5.878996e-09	9.122080e-09	4.884978e+01	2.981142e+02
3.820000e-06	5.902796e-09	9.158882e-09	4.904712e+01	2.993550e+02
3.830000e-06	5.926393e-09	9.195129e-09	4.924274e+01	3.005818e+02
3.840000e-06	5.949724e-09	9.232520e-09	4.943628e+01	3.017947e+02
3.850000e-06	5.972765e-09	9.273032e-09	4.962761e+01	3.029936e+02
3.860000e-06	5.995548e-09	9.312689e-09	4.981686e+01	3.041783e+02
3.870000e-06	6.018076e-09	9.348894e-09	5.000391e+01	3.053490e+02
3.880000e-06	6.040332e-09	9.380623e-09	5.018861e+01	3.065055e+02
3.890000e-06	6.062332e-09	9.409335e-09	5.037121e+01	3.076477e+02
3.900000e-06	6.084086e-09	9.439944e-09	5.055180e+01	3.087756e+02
3.910000e-06	6.105580e-09	9.474085e-09	5.073020e+01	3.098892e+02
3.920000e-06	6.126812e-09	9.508476e-09	5.090640e+01	3.109884e+02
3.930000e-06	6.147762e-09	9.541940e-09	5.108029e+01	3.120731e+02
3.940000e-06	6.168442e-09	9.575197e-09	5.125198e+01	3.131434e+02
3.950000e-06	6.188857e-09	9.607913e-09	5.142147e+01	3.141991e+02
3.960000e-06	6.209051e-09	9.639187e-09	5.158911e+01	3.152402e+02
3.970000e-06	6.229091e-09	9.667475e-09	5.175541e+01	3.162667e+02
3.980000e-06	6.248965e-09	9.693822e-09	5.192035e+01	3.172784e+02
3.990000e-06	6.268657e-09	9.721554e-09	5.208382e+01	3.182754e+02
4.000000e-06	6.288110e-09	9.751883e-09	5.224536e+01	3.192577e+02
4.010000e-06	6.307284e-09	9.782399e-09	5.240459e+01	3.202251e+02
4.020000e-06	6.326137e-09	9.810996e-09	5.256121e+01	3.211776e+02
4.030000e-06	6.344602e-09	9.839483e-09	5.271451e+01	3.221152e+02
4.040000e-06	6.362701e-09	9.868793e-09	5.286465e+01	3.230379e+02
4.050000e-06	6.380468e-09	9.895918e-09	5.301209e+01	3.239455e+02
4.060000e-06	6.397937e-09	9.918825e-09	5.315707e+01	3.248381e+02
4.070000e-06	6.415143e-09	9.942136e-09	5.329985e+01	3.257156e+02
4.080000e-06	6.432104e-09	9.969462e-09	5.344073e+01	3.265780e+02
4.090000e-06	6.448827e-09	9.998083e-09	5.357963e+01	3.274252e+02
4.100000e-06	6.465310e-09	1.002520e-08	5.371642e+01	3.282572e+02
4.110000e-06	6.481463e-09	1.004948e-08	5.385054e+01	3.290739e+02
4.120000e-06	6.497204e-09	1.007203e-08	5.398139e+01	3.298753e+02
4.130000e-06	6.512577e-09	1.009443e-08	5.410911e+01	3.306615e+02
4.140000e-06	6.527582e-09	1.011660e-08	5.423372e+01	3.314322e+02
4.150000e-06	6.542198e-09	1.013725e-08	5.435501e+01	3.321876e+02
4.160000e-06	6.556499e-09	1.015639e-08	5.447358e+01	3.329275e+02
4.170000e-06	6.570541e-09	1.017725e-08	5.459008e+01	3.336520e+02
4.180000e-06	6.584289e-09	1.020152e-08	5.470419e+01	3.343609e+02
4.190000e-06	6.597721e-09	1.022662e-08	5.481569e+01	3.350543e+02
4.200000e-06	6.610856e-09	1.024816e-08	5.492467e+01	3.357322e+02
4.210000e-06	6.623666e-09	1.026579e-08	5.503083e+01	3.363945e+02
4.220000e-06	6.636135e-09	1.028264e-08	5.513423e+01	3.370411e+02
4.230000e-06	6.648324e-09	1.030119e-08	5.523536e+01	3.376721e+02
4.240000e-06	6.660255e-09	1.031939e-08	5.533430e+01	3.382874e+02
4.250000e-06	6.671886e-09	1.033485e-08	5.543081e+01	3.388869e+02
4.260000e-06	6.683171e-09	1.035190e-08	5.552459e+01	3.394708e+02
4.270000e-06	6.694035e-09	1.037264e-08	5.561501e+01	3.400388e+02
4.280000e-06	6.704413e-09	1.039253e-08	5.570137e+01	3.405911e+02
4.290000e-06	6.714279e-09	1.040708e-08	5.578347e+01	3.411275e+02
4.300000e-06	6.723631e-09	1.041867e-08	5.586121e+01	3.416481e+02
4.310000e-06	6.732522e-09	1.043246e-08	5.593492e+01	3.421528e+02
4.320000e-06	6.741058e-09	1.044980e-08	5.600561e+01	3.426416e+02
4.330000e-06	6.749333e-09	1.046693e-08	5.607416e+01	3.431145e+02
4.340000e-06	6.757380e-09	1.047936e-08	5.614082e+01	3.435715e+02
4.350000e-06	6.765240e-09	1.048966e-08	5.620600e+01	3.440125e+02
4.360000e-06	6.772913e-09	1.050188e-08	5.626972e+01	3.444375e+02
4.370000e-06	6.780339e-09	1.051657e-08	5.633136e+01	3.448465e+02
4.380000e-06	6.787477e-09	1.052783e-08	5.639055e+01	3.452395e+02
4.390000e-06	6.794286e-09	1.053608e-08	5.644698e+01	3.456165e+02
4.400000e-06	6.800739e-09	1.054826e-08	5.650041e+01	3.459774e+02
4.410000e-06	6.806885e-09	1.056352e-08	5.655128e+01	3.463222e+02
4.420000e-06	6.812763e-09	1.057723e-08	5.659992e+01	3.466509e+02
4.430000e-06	6.818342e-09	1.058475e-08	5.664609e+01	3.469636e+02
4.440000e-06	6.823593e-09	1.058933e-08	5.668947e+01	3.472601e+02
4.450000e-06	6.828505e-09	1.059583e-08	5.673004e+01	3.475405e+02
4.460000e-06	6.833095e-09	1.060307e-08	5.676805e+01	3.478047e+02
4.470000e-06	6.837416e-09	1.060903e-08	5.680382e+01	3.480528e+02
4.480000e-06	6.841540e-09	1.061296e-08	5.683791e+01	3.482847e+02
4.490000e-06	6.845506e-09	1.061692e-08	5.687069e+01	3.485004e+02
4.500000e-06	6.849302e-09	1.062358e-08	5.690210e+01	3.486999e+02
4.510000e-06	6.852859e-09	1.063214e-08	5.693152e+01	3.488832e+02
4.520000e-06	6.856096e-09	1.063545e-08	5.695829e+01	3.490504e+02
4.530000e-06	6.858930e-09	1.063285e-08	5.698171e+01	3.492013e+02
4.540000e-06	6.861312e-09	1.063174e-08	5.700142e+01	3.493360e+02
4.550000e-06	6.863180e-09	1.063364e-08	5.701694e+01	3.494544e+02
4.560000e-06	6.864511e-09	1.063408e-08	5.702797e+01	3.495566e+02
4.570000e-06	6.865386e-09	1.063178e-08	5.703511e+01	3.496426e+02
4.580000e-06	6.865904e-09	1.063133e-08	5.703924e+01	3.497123e+02
4.590000e-06	6.866157e-09	1.063394e-08	5.704116e+01	3.497658e+02
4.600000e-06	6.866203e-09	1.063666e-08	5.704136e+01	3.498031e+02
4.610000e-06	6.866065e-09	1.063687e-08	5.704000e+01	3.498240e+02
4.620000e-06	6.865713e-09	1.063512e-08	5.703688e+01	3.498288e+02
4.630000e-06	6.865100e-09	1.062803e-08	5.703162e+01	3.498173e+02
4.640000e-06	6.864172e-09	1.062046e-08	5.702381e+01	3.497895e+02
4.650000e-06	6.862891e-09	1.062245e-08	5.701330e+01	3.497455e+02
4.660000e-06	6.861310e-09	1.062398e-08	5.700019e+01	3.496852e+02
4.670000e-06	6.859482e-09	1.063701e-08	5.698485e+01	3.496087e+02
4.680000e-06	6.857402e-09	1.066732e-08	5.696751e+01	3.495159e+02
4.690000e-06	6.855059e-09	1.060316e-08	5.694804e+01	3.494069e+02
4.700000e-06	6.852418e-09	1.047159e-08	5.692610e+01	3.492817e+02
4.710000e-06	6.849404e-09	1.053738e-08	5.690094e+01	3.491402e+02
4.720000e-06	6.845973e-09	1.069883e-08	5.687214e+01	3.489825e+02
4.730000e-06	6.842201e-09	1.064464e-08	5.684055e+01	3.488086e+02
4.740000e-06	6.838222e-09	1.048658e-08	5.680737e+01	3.486186e+02
4.750000e-06	6.834120e-09	1.054613e-08	5.677321e+01	3.484123e+02
4.760000e-06	6.829864e-09	1.074221e-08	5.673771e+01	3.481898e+02
4.770000e-06	6.825350e-09	1.067385e-08	5.670008e+01	3.479511e+02
4.780000e-06	6.820509e-09	1.048162e-08	5.665986e+01	3.476963e+02
4.790000e-06	6.815284e-09	1.060848e-08	5.661660e+01	3.474253e+02
4.800000e-06	6.809560e-09	1.081425e-08	5.656903e+01	3.471382e+02
4.810000e-06	6.803233e-09	1.065503e-08	5.651630e+01	3.468350e+02
4.820000e-06	6.796396e-09	1.048514e-08	5.645939e+01	3.465156e+02
4.830000e-06	6.789201e-09	1.074521e-08	5.639957e+01	3.461801e+02
4.840000e-06	6.781700e-09	1.091664e-08	5.633715e+01	3.458286e+02
4.850000e-06	6.773943e-09	1.062582e-08	5.627256e+01	3.454610e+02
4.860000e-06	6.765971e-09	1.053264e-08	5.620621e+01	3.450773e+02
4.870000e-06	6.757788e-09	1.075638e-08	5.613816e+01	3.446777e+02
4.880000e-06	6.749393e-09	1.065384e-08	5.606846e+01	3.442620e+02
4.890000e-06	6.740784e-09	1.047355e-08	5.599690e+01	3.438303e+02
4.900000e-06	6.731885e-09	1.071811e-08	5.592276e+01	3.433826e+02
4.910000e-06	6.722628e-09	1.081480e-08	5.584564e+01	3.429190e+02
4.920000e-06	6.713053e-09	1.055792e-08	5.576593e+01	3.424394e+02
4.930000e-06	6.703193e-09	1.065369e-08	5.568394e+01	3.419440e+02
4.940000e-06	6.693036e-09	1.083607e-08	5.559946e+01	3.414326e+02
4.950000e-06	6.682566e-09	1.058287e-08	5.551232e+01	3.409054e+02
4.960000e-06	6.671773e-09	1.059884e-08	5.542254e+01	3.403624e+02
4.970000e-06	6.660634e-09	1.092409e-08	5.532993e+01	3.398035e+02
4.980000e-06	6.649151e-09	1.082816e-08	5.523443e+01	3.392289e+02
4.990000e-06	6.637336e-09	1.079611e-08	5.513612e+01	3.386384e+02
5.000000e-06	6.625188e-09	1.106063e-08	5.503495e+01	3.380323e+02
5.010000e-06	6.612703e-09	1.097747e-08	5.493094e+01	3.374105e+02
5.020000e-06	6.599847e-09	1.092940e-08	5.482390e+01	3.367729e+02
5.030000e-06	6.586526e-09	1.115866e-08	5.471309e+01	3.361198e+02
5.040000e-06	6.572681e-09	1.108600e-08	5.459804e+01	3.354510e+02
5.050000e-06	6.558341e-09	1.102626e-08	5.447886e+01	3.347666e+02
5.060000e-06	6.543574e-09	1.111905e-08	5.435600e+01	3.340667e+02
5.070000e-06	6.528415e-09	1.106976e-08	5.422979e+01	3.333513e+02
5.080000e-06	6.512927e-09	1.112118e-08	5.410086e+01	3.326204e+02
5.090000e-06	6.497188e-09	1.107505e-08	5.396994e+01	3.318740e+02
5.100000e-06	6.481243e-09	1.098261e-08	5.383732e+01	3.311122e+02
5.110000e-06	6.465118e-09	1.114578e-08	5.370325e+01	3.303350e+02
5.120000e-06	6.448797e-09	1.105235e-08	5.356755e+01	3.295425e+02
5.130000e-06	6.432227e-09	1.088797e-08	5.342970e+01	3.287347e+02
5.140000e-06	6.415349e-09	1.110706e-08	5.328935e+01	3.279115e+02
5.150000e-06	6.398138e-09	1.109002e-08	5.314629e+01	3.270732e+02
5.160000e-06	6.380577e-09	1.087677e-08	5.300038e+01	3.262197e+02
5.170000e-06	6.362683e-09	1.101201e-08	5.285170e+01	3.253510e+02
5.180000e-06	6.344493e-09	1.105350e-08	5.270053e+01	3.244672e+02
5.190000e-06	6.326031e-09	1.086090e-08	5.254698e+01	3.235683e+02
5.200000e-06	6.307277e-09	1.087929e-08	5.239096e+01	3.226544e+02
5.210000e-06	6.288212e-09	1.094318e-08	5.223241e+01	3.217255e+02
5.220000e-06	6.268870e-09	1.082445e-08	5.207164e+01	3.207816e+02
5.230000e-06	6.249298e-09	1.076414e-08	5.190905e+01	3.198229e+02
5.240000e-06	6.229527e-09	1.080221e-08	5.174471e+01	3.188493e+02
5.250000e-06	6.209602e-09	1.074758e-08	5.157902e+01	3.178609e+02
5.260000e-06	6.189552e-09	1.066830e-08	5.141229e+01	3.168577e+02
5.270000e-06	6.169352e-09	1.066340e-08	5.124428e+01	3.158398e+02
5.280000e-06	6.148938e-09	1.063846e-08	5.107453e+01	3.148072e+02
5.290000e-06	6.128226e-09	1.057248e-08	5.090241e+01	3.137600e+02
5.300000e-06	6.107142e-09	1.054060e-08	5.072719e+01	3.126982e+02
5.310000e-06	6.085637e-09	1.052768e-08	5.054852e+01	3.116219e+02
5.320000e-06	6.063638e-09	1.048963e-08	5.036576e+01	3.105311e+02
5.330000e-06	6.041117e-09	1.042567e-08	5.017866e+01	3.094259e+02
5.340000e-06	6.018150e-09	1.038222e-08	4.998786e+01	3.083063e+02
5.350000e-06	5.994822e-09	1.036550e-08	4.979411e+01	3.071724e+02
5.360000e-06	5.971213e-09	1.030778e-08	4.959800e+01	3.060242e+02
5.370000e-06	5.947375e-09	1.025642e-08	4.939984e+01	3.048618e+02
5.380000e-06	5.923333e-09	1.024283e-08	4.920001e+01	3.036853e+02
5.390000e-06	5.899105e-09	1.019692e-08	4.899869e+01	3.024946e+02
5.400000e-06	5.874681e-09	1.014200e-08	4.879565e+01	3.012899e+02
5.410000e-06	5.850021e-09	1.011717e-08	4.859061e+01	3.000712e+02
5.420000e-06	5.825114e-09	1.008209e-08	4.838353e+01	2.988385e+02
5.430000e-06	5.799958e-09	1.002279e-08	4.817436e+01	2.975920e+02
5.440000e-06	5.774539e-09	9.982555e-09	4.796311e+01	2.963316e+02
5.450000e-06	5.748823e-09	9.949331e-09	4.774956e+01	2.950575e+02
5.460000e-06	5.722833e-09	9.892816e-09	4.753374e+01	2.937697e+02
5.470000e-06	5.696596e-09	9.848305e-09	4.731579e+01	2.924682e+02
5.480000e-06	5.670112e-09	9.817112e-09	4.709579e+01	2.911531e+02
5.490000e-06	5.643394e-09	9.764715e-09	4.687381e+01	2.898245e+02
5.500000e-06	5.616427e-09	9.714430e-09	4.664968e+01	2.884825e+02
5.510000e-06	5.589208e-09	9.684278e-09	4.642342e+01	2.871270e+02
5.520000e-06	5.561770e-09	9.638241e-09	4.619540e+01	2.857582e+02
5.530000e-06	5.534150e-09	9.580469e-09	4.596579e+01	2.843761e+02
5.540000e-06	5.506338e-09	9.540632e-09	4.573448e+01	2.829808e+02
5.550000e-06	5.478351e-09	9.502621e-09	4.550176e+01	2.815724e+02
5.560000e-06	5.450198e-09	9.447049e-09	4.526775e+01	2.801509e+02
5.570000e-06	5.421845e-09	9.391256e-09	4.503213e+01	2.787164e+02
5.580000e-06	5.393249e-09	9.347396e-09	4.479450e+01	2.772689e+02
5.590000e-06	5.364351e-09	9.297685e-09	4.455432e+01	2.758086e+02
5.600000e-06	5.335065e-09	9.246518e-09	4.431086e+01	2.743354e+02
5.610000e-06	5.305388e-09	9.201520e-09	4.406422e+01	2.728495e+02
5.620000e-06	5.275326e-09	9.153518e-09	4.381450e+01	2.713509e+02
5.630000e-06	5.244870e-09	9.108034e-09	4.356146e+01	2.698397e+02
5.640000e-06	5.214053e-09	9.064498e-09	4.330544e+01	2.683160e+02
5.650000e-06	5.182906e-09	9.012689e-09	4.304677e+01	2.667798e+02
5.660000e-06	5.151496e-09	8.953617e-09	4.278585e+01	2.652312e+02
5.670000e-06	5.119884e-09	8.901222e-09	4.252316e+01	2.636703e+02
5.680000e-06	5.088090e-09	8.851074e-09	4.225888e+01	2.620972e+02
5.690000e-06	5.056108e-09	8.793129e-09	4.199310e+01	2.605119e+02
5.700000e-06	5.023944e-09	8.740156e-09	4.172586e+01	2.589144e+02
5.710000e-06	4.991624e-09	8.694602e-09	4.145730e+01	2.573050e+02
5.720000e-06	4.959135e-09	8.645486e-09	4.118719e+01	2.556836e+02
5.730000e-06	4.926431e-09	8.589385e-09	4.091522e+01	2.540503e+02
5.740000e-06	4.893511e-09	8.532218e-09	4.064143e+01	2.524052e+02
5.750000e-06	4.860371e-09	8.474247e-09	4.036582e+01	2.507484e+02
5.760000e-06	4.826984e-09	8.416138e-09	4.008822e+01	2.490800e+02
5.770000e-06	4.793360e-09	8.360931e-09	3.980873e+01	2.473999e+02
5.780000e-06	4.759519e-09	8.303543e-09	3.952739e+01	2.457084e+02
5.790000e-06	4.725450e-09	8.245017e-09	3.924418e+01	2.440055e+02
5.800000e-06	4.691156e-09	8.189602e-09	3.895921e+01	2.422912e+02
5.810000e-06	4.656651e-09	8.137361e-09	3.867255e+01	2.405657e+02
5.820000e-06	4.621928e-09	8.081695e-09	3.838413e+01	2.388290e+02
5.830000e-06	4.586992e-09	8.019663e-09	3.809396e+01	2.370812e+02
5.840000e-06	4.551880e-09	7.958026e-09	3.780213e+01	2.353224e+02
5.850000e-06	4.516601e-09	7.901153e-09	3.750883e+01	2.335527e+02
5.860000e-06	4.481141e-09	7.845464e-09	3.721406e+01	2.317721e+02
5.870000e-06	4.445500e-09	7.784210e-09	3.691777e+01	2.299808e+02
5.880000e-06	4.409716e-09	7.720375e-09	3.662030e+01	2.281788e+02
5.890000e-06	4.373807e-09	7.657946e-09	3.632183e+01	2.263661e+02
5.900000e-06	4.337771e-09	7.599532e-09	3.602230e+01	2.245430e+02
5.910000e-06	4.301588e-09	7.543308e-09	3.572163e+01	2.227094e+02
5.920000e-06	4.265235e-09	7.481730e-09	3.541958e+01	2.208655e+02
5.930000e-06	4.228711e-09	7.417034e-09	3.511603e+01	2.190114e+02
5.940000e-06	4.191999e-09	7.356093e-09	3.481108e+01	2.171470e+02
5.950000e-06	4.155045e-09	7.296636e-09	3.450420e+01	2.152726e+02
5.960000e-06	4.117836e-09	7.228961e-09	3.419504e+01	2.133882e+02
5.970000e-06	4.080360e-09	7.157140e-09	3.388357e+01	2.114938e+02
5.980000e-06	4.042597e-09	7.091927e-09	3.356973e+01	2.095897e+02
5.990000e-06	4.004549e-09	7.032219e-09	3.325353e+01	2.076758e+02
6.000000e-06	3.966180e-09	6.972387e-09	3.293472e+01	2.057522e+02
6.010000e-06	3.927519e-09	6.909201e-09	3.261353e+01	2.038191e+02
6.020000e-06	3.888597e-09	6.843002e-09	3.229023e+01	2.018766e+02
6.030000e-06	3.849443e-09	6.777098e-09	3.196499e+01	1.999246e+02
6.040000e-06	3.810094e-09	6.713914e-09	3.163807e+01	1.979634e+02
6.050000e-06	3.770556e-09	6.647818e-09	3.130953e+01	1.959930e+02
6.060000e-06	3.730851e-09	6.577181e-09	3.097955e+01	1.940134e+02
6.070000e-06	3.691000e-09	6.509736e-09	3.064830e+01	1.920249e+02
6.080000e-06	3.651026e-09	6.448725e-09	3.031605e+01	1.900275e+02
6.090000e-06	3.610939e-09	6.389300e-09	2.998286e+01	1.880212e+02
6.100000e-06	3.570739e-09	6.322989e-09	2.964874e+01	1.860062e+02
6.110000e-06	3.530416e-09	6.251525e-09	2.931365e+01	1.839825e+02
6.120000e-06	3.489972e-09	6.182279e-09	2.897758e+01	1.819503e+02
6.130000e-06	3.449428e-09	6.117923e-09	2.864067e+01	1.799097e+02
6.140000e-06	3.408750e-09	6.055073e-09	2.830264e+01	1.778607e+02
6.150000e-06	3.367922e-09	5.988296e-09	2.796340e+01	1.758034e+02
6.160000e-06	3.326944e-09	5.920049e-09	2.762298e+01	1.737380e+02
6.170000e-06	3.285829e-09	5.856360e-09	2.728144e+01	1.716645e+02
6.180000e-06	3.244578e-09	5.793883e-09	2.693865e+01	1.695830e+02
6.190000e-06	3.203163e-09	5.723018e-09	2.659437e+01	1.674937e+02
6.200000e-06	3.161591e-09	5.647931e-09	2.624888e+01	1.653966e+02
6.210000e-06	3.119884e-09	5.579092e-09	2.590236e+01	1.632918e+02
6.220000e-06	3.078045e-09	5.516573e-09	2.555472e+01	1.611794e+02
6.230000e-06	3.036045e-09	5.452422e-09	2.520578e+01	1.590595e+02
6.240000e-06	2.993885e-09	5.382537e-09	2.485552e+01	1.569323e+02
6.250000e-06	2.951592e-09	5.312984e-09	2.450413e+01	1.547978e+02
6.260000e-06	2.909176e-09	5.247130e-09	2.415163e+01	1.526560e+02
6.270000e-06	2.866629e-09	5.179662e-09	2.379804e+01	1.505072e+02
6.280000e-06	2.823945e-09	5.103326e-09	2.344343e+01	1.483514e+02
6.290000e-06	2.781145e-09	5.025234e-09	2.308784e+01	1.461887e+02
6.300000e-06	2.738228e-09	4.958455e-09	2.273121e+01	1.440192e+02
6.310000e-06	2.695195e-09	4.894524e-09	2.237366e+01	1.418431e+02
6.320000e-06	2.652071e-09	4.825373e-09	2.201532e+01	1.396603e+02
6.330000e-06	2.608854e-09	4.753431e-09	2.165621e+01	1.374711e+02
6.340000e-06	2.565550e-09	4.681588e-09	2.129643e+01	1.352755e+02
6.350000e-06	2.522177e-09	4.613176e-09	2.093605e+01	1.330736e+02
6.360000e-06	2.478712e-09	4.544112e-09	2.057485e+01	1.308655e+02
6.370000e-06	2.435139e-09	4.471130e-09	2.021275e+01	1.286513e+02
6.380000e-06	2.391448e-09	4.395222e-09	1.984974e+01	1.264312e+02
6.390000e-06	2.347665e-09	4.321157e-09	1.948588e+01	1.242052e+02
6.400000e-06	2.303820e-09	4.249037e-09	1.912128e+01	1.219734e+02
6.410000e-06	2.259886e-09	4.174730e-09	1.875597e+01	1.197360e+02
6.420000e-06	2.215860e-09	4.100205e-09	1.839010e+01	1.174930e+02
6.430000e-06	2.171749e-09	4.029687e-09	1.802359e+01	1.152446e+02
6.440000e-06	2.127555e-09	3.963018e-09	1.765635e+01	1.129908e+02
6.450000e-06	2.083290e-09	3.891579e-09	1.728851e+01	1.107317e+02
6.460000e-06	2.038938e-09	3.812556e-09	1.692003e+01	1.084676e+02
6.470000e-06	1.994513e-09	3.733113e-09	1.655088e+01	1.061984e+02
6.480000e-06	1.950049e-09	3.656862e-09	1.618128e+01	1.039242e+02
6.490000e-06	1.905510e-09	3.582502e-09	1.581103e+01	1.016453e+02
6.500000e-06	1.860888e-09	3.508819e-09	1.544015e+01	9.936158e+01
6.510000e-06	1.816208e-09	3.434986e-09	1.506887e+01	9.707329e+01
6.520000e-06	1.771450e-09	3.361359e-09	1.469702e+01	9.478050e+01
6.530000e-06	1.726623e-09	3.288009e-09	1.432468e+01	9.248330e+01
6.540000e-06	1.681731e-09	3.213044e-09	1.395180e+01	9.018181e+01
6.550000e-06	1.636748e-09	3.134997e-09	1.357812e+01	8.787614e+01
6.560000e-06	1.591701e-09	3.053584e-09	1.320391e+01	8.556639e+01
6.570000e-06	1.546616e-09	2.973407e-09	1.282934e+01	8.325267e+01
6.580000e-06	1.501464e-09	2.896805e-09	1.245429e+01	8.093509e+01
6.590000e-06	1.456216e-09	2.819185e-09	1.207848e+01	7.861375e+01
6.600000e-06	1.410887e-09	2.740074e-09	1.170189e+01	7.628876e+01
6.610000e-06	1.365481e-09	2.662868e-09	1.132464e+01	7.396024e+01
6.620000e-06	1.320001e-09	2.588601e-09	1.094684e+01	7.162828e+01
6.630000e-06	1.274464e-09	2.514649e-09	1.056850e+01	6.929301e+01
6.640000e-06	1.228873e-09	2.438084e-09	1.018963e+01	6.695451e+01
6.650000e-06	1.183239e-09	2.358838e-09	9.810430e+00	6.461292e+01
6.660000e-06	1.137547e-09	2.279382e-09	9.430769e+00	6.226832e+01
6.670000e-06	1.091789e-09	2.202704e-09	9.050533e+00	5.992084e+01
6.680000e-06	1.045995e-09	2.125672e-09	8.669914e+00	5.757058e+01
6.690000e-06	1.000153e-09	2.046366e-09	8.288999e+00	5.521765e+01
6.700000e-06	9.542516e-10	1.969299e-09	7.907702e+00	5.286216e+01
6.710000e-06	9.083124e-10	1.896643e-09	7.526105e+00	5.050422e+01
6.720000e-06	8.623491e-10	1.825198e-09	7.144327e+00	4.814394e+01
6.730000e-06	8.163498e-10	1.749996e-09	6.762227e+00	4.578143e+01
6.740000e-06	7.703300e-10	1.672138e-09	6.379891e+00	4.341679e+01
6.750000e-06	7.242921e-10	1.594416e-09	5.997272e+00	4.105015e+01
6.760000e-06	6.782173e-10	1.515845e-09	5.614394e+00	3.868160e+01
6.770000e-06	6.321046e-10	1.437149e-09	5.231329e+00	3.631127e+01
6.780000e-06	5.859515e-10	1.359764e-09	4.848011e+00	3.393925e+01
6.790000e-06	5.397720e-10	1.283604e-09	4.464463e+00	3.156566e+01
6.800000e-06	4.935804e-10	1.207688e-09	4.080682e+00	2.919061e+01
6.810000e-06	4.473589e-10	1.132262e-09	3.696704e+00	2.681421e+01
6.820000e-06	4.010979e-10	1.056989e-09	3.312470e+00	2.443657e+01
6.830000e-06	3.548150e-10	9.787360e-10	2.927996e+00	2.205780e+01
6.840000e-06	3.085378e-10	8.996188e-10	2.543545e+00	1.967801e+01
6.850000e-06	2.622416e-10	8.239842e-10	2.158968e+00	1.729732e+01
6.860000e-06	2.159015e-10	7.498165e-10	1.774047e+00	1.491582e+01
6.870000e-06	1.695368e-10	6.723181e-10	1.388833e+00	1.253364e+01
6.880000e-06	1.231748e-10	5.924657e-10	1.003662e+00	1.015089e+01
6.890000e-06	7.682544e-11	5.156090e-10	6.186476e-01	7.767664e+00
6.900000e-06	3.049759e-11	4.430893e-10	2.337057e-01	5.384088e+00
6.910000e-06	-1.582605e-11	3.699452e-10	-1.511773e-01	3.000268e+00
6.920000e-06	-6.215165e-11	2.932219e-10	-5.360308e-01	6.163152e-01
6.930000e-06	-1.084495e-10	2.168038e-10	-9.206329e-01	-1.767660e+00
6.940000e-06	-1.547288e-10	1.426349e-10	-1.305021e+00	-4.151546e+00
6.950000e-06	-2.009974e-10	6.803590e-11	-1.689288e+00	-6.535233e+00
6.960000e-06	-2.472570e-10	-9.853870e-12	-2.073439e+00	-8.918610e+00
6.970000e-06	-2.934950e-10	-8.950727e-11	-2.457411e+00	-1.130157e+01
6.980000e-06	-3.397241e-10	-1.659095e-10	-2.841387e+00	-1.368399e+01
6.990000e-06	-3.859345e-10	-2.373874e-10	-3.225304e+00	-1.606577e+01
7.000000e-06	-4.321242e-10	-3.090326e-10	-3.609055e+00	-1.844680e+01
7.010000e-06	-4.783057e-10	-3.885870e-10	-3.992713e+00	-2.082696e+01
7.020000e-06	-5.244677e-10	-4.736105e-10	-4.376266e+00	-2.320615e+01
7.030000e-06	-5.706195e-10	-5.503893e-10	-4.759604e+00	-2.558426e+01
7.040000e-06	-6.167355e-10	-6.197409e-10	-5.142592e+00	-2.796117e+01
7.050000e-06	-6.627972e-10	-6.929638e-10	-5.525255e+00	-3.033677e+01
7.060000e-06	-7.088382e-10	-7.694937e-10	-5.907778e+00	-3.271096e+01
7.070000e-06	-7.548651e-10	-8.461133e-10	-6.290121e+00	-3.508362e+01
7.080000e-06	-8.008462e-10	-9.232605e-10	-6.671957e+00	-3.745464e+01
7.090000e-06	-8.467497e-10	-1.003847e-09	-7.053246e+00	-3.982392e+01
7.100000e-06	-8.926204e-10	-1.089652e-09	-7.434331e+00	-4.219134e+01
7.110000e-06	-9.384724e-10	-1.173728e-09	-7.815230e+00	-4.455679e+01
7.120000e-06	-9.842730e-10	-1.249787e-09	-8.195728e+00	-4.692016e+01
7.130000e-06	-1.030018e-09	-1.315789e-09	-8.575803e+00	-4.928135e+01
7.140000e-06	-1.075704e-09	-1.380722e-09	-8.955415e+00	-5.164024e+01
7.150000e-06	-1.121345e-09	-1.455117e-09	-9.334613e+00	-5.399672e+01
7.160000e-06	-1.166930e-09	-1.536394e-09	-9.713341e+00	-5.635069e+01
7.170000e-06	-1.212440e-09	-1.618881e-09	-1.009135e+01	-5.870203e+01
7.180000e-06	-1.257888e-09	-1.699316e-09	-1.046880e+01	-6.105064e+01
7.190000e-06	-1.303268e-09	-1.782804e-09	-1.084572e+01	-6.339640e+01
7.200000e-06	-1.348579e-09	-1.864256e-09	-1.122216e+01	-6.573921e+01
7.210000e-06	-1.393834e-09	-1.937054e-09	-1.159816e+01	-6.807896e+01
7.220000e-06	-1.439028e-09	-2.004069e-09	-1.197349e+01	-7.041553e+01
7.230000e-06	-1.484186e-09	-2.071737e-09	-1.234842e+01	-7.274883e+01
7.240000e-06	-1.529277e-09	-2.146323e-09	-1.272288e+01	-7.507874e+01
7.250000e-06	-1.574283e-09	-2.222210e-09	-1.309682e+01	-7.740516e+01
7.260000e-06	-1.619243e-09	-2.297854e-09	-1.347042e+01	-7.972797e+01
7.270000e-06	-1.664136e-09	-2.375280e-09	-1.384340e+01	-8.204707e+01
7.280000e-06	-1.708929e-09	-2.454455e-09	-1.421552e+01	-8.436235e+01
7.290000e-06	-1.753645e-09	-2.532854e-09	-1.458694e+01	-8.667370e+01
7.300000e-06	-1.798291e-09	-2.607578e-09	-1.495784e+01	-8.898101e+01
7.310000e-06	-1.842866e-09	-2.678369e-09	-1.532812e+01	-9.128419e+01
7.320000e-06	-1.887381e-09	-2.746612e-09	-1.569783e+01	-9.358311e+01
7.330000e-06	-1.931828e-09	-2.818517e-09	-1.606717e+01	-9.587768e+01
7.340000e-06	-1.976207e-09	-2.893079e-09	-1.643605e+01	-9.816779e+01
7.350000e-06	-2.020510e-09	-2.966404e-09	-1.680422e+01	-1.004533e+02
7.360000e-06	-2.064719e-09	-3.037988e-09	-1.717154e+01	-1.027342e+02
7.370000e-06	-2.108842e-09	-3.110889e-09	-1.753804e+01	-1.050103e+02
7.380000e-06	-2.152889e-09	-3.187565e-09	-1.790390e+01	-1.072815e+02
7.390000e-06	-2.196853e-09	-3.262179e-09	-1.826919e+01	-1.095477e+02
7.400000e-06	-2.240757e-09	-3.330780e-09	-1.863392e+01	-1.118088e+02
7.410000e-06	-2.284599e-09	-3.396170e-09	-1.899812e+01	-1.140647e+02
7.420000e-06	-2.328359e-09	-3.465489e-09	-1.936173e+01	-1.163153e+02
7.430000e-06	-2.372030e-09	-3.536911e-09	-1.972456e+01	-1.185604e+02
7.440000e-06	-2.415608e-09	-3.605042e-09	-2.008654e+01	-1.208001e+02
7.450000e-06	-2.459097e-09	-3.671816e-09	-2.044775e+01	-1.230342e+02
7.460000e-06	-2.502511e-09	-3.741312e-09	-2.080840e+01	-1.252625e+02
7.470000e-06	-2.545835e-09	-3.815489e-09	-2.116835e+01	-1.274850e+02
7.480000e-06	-2.589054e-09	-3.887453e-09	-2.152736e+01	-1.297015e+02
7.490000e-06	-2.632171e-09	-3.954321e-09	-2.188551e+01	-1.319120e+02
7.500000e-06	-2.675177e-09	-4.020257e-09	-2.224279e+01	-1.341164e+02
7.510000e-06	-2.718076e-09	-4.088517e-09	-2.259922e+01	-1.363146e+02
7.520000e-06	-2.760862e-09	-4.157514e-09	-2.295468e+01	-1.385064e+02
7.530000e-06	-2.803542e-09	-4.224181e-09	-2.330926e+01	-1.406917e+02
7.540000e-06	-2.846116e-09	-4.290552e-09	-2.366292e+01	-1.428706e+02
7.550000e-06	-2.888566e-09	-4.357767e-09	-2.401550e+01	-1.450427e+02
7.560000e-06	-2.930874e-09	-4.426524e-09	-2.436692e+01	-1.472081e+02
7.570000e-06	-2.973032e-09	-4.495546e-09	-2.471704e+01	-1.493667e+02
7.580000e-06	-3.015040e-09	-4.563117e-09	-2.506591e+01	-1.515183e+02
7.590000e-06	-3.056881e-09	-4.630337e-09	-2.541344e+01	-1.536629e+02
7.600000e-06	-3.098561e-09	-4.697805e-09	-2.575967e+01	-1.558003e+02
7.610000e-06	-3.140096e-09	-4.765178e-09	-2.610475e+01	-1.579305e+02
7.620000e-06	-3.181487e-09	-4.832577e-09	-2.644863e+01	-1.600533e+02
7.630000e-06	-3.222738e-09	-4.899868e-09	-2.679127e+01	-1.621687e+02
7.640000e-06	-3.263849e-09	-4.966264e-09	-2.713270e+01	-1.642766e+02
7.650000e-06	-3.304844e-09	-5.031709e-09	-2.747319e+01	-1.663768e+02
7.660000e-06	-3.345712e-09	-5.095954e-09	-2.781267e+01	-1.684692e+02
7.670000e-06	-3.386437e-09	-5.161434e-09	-2.815090e+01	-1.705539e+02
7.680000e-06	-3.427018e-09	-5.229666e-09	-2.848791e+01	-1.726306e+02
7.690000e-06	-3.467477e-09	-5.298593e-09	-2.882403e+01	-1.746992e+02
7.700000e-06	-3.507837e-09	-5.366686e-09	-2.915936e+01	-1.767598e+02
7.710000e-06	-3.548075e-09	-5.433365e-09	-2.949364e+01	-1.788121e+02
7.720000e-06	-3.588181e-09	-5.499762e-09	-2.982689e+01	-1.808561e+02
7.730000e-06	-3.628159e-09	-5.563357e-09	-3.015904e+01	-1.828917e+02
7.740000e-06	-3.668012e-09	-5.622207e-09	-3.049011e+01	-1.849187e+02
7.750000e-06	-3.707728e-09	-5.682790e-09	-3.081994e+01	-1.869372e+02
7.760000e-06	-3.747287e-09	-5.749700e-09	-3.114846e+01	-1.889470e+02
7.770000e-06	-3.786690e-09	-5.818507e-09	-3.147579e+01	-1.909480e+02
7.780000e-06	-3.825915e-09	-5.884246e-09	-3.180167e+01	-1.929401e+02
7.790000e-06	-3.864917e-09	-5.948472e-09	-3.212572e+01	-1.949233e+02
7.800000e-06	-3.903685e-09	-6.013584e-09	-3.244776e+01	-1.968973e+02
7.810000e-06	-3.942214e-09	-6.078105e-09	-3.276769e+01	-1.988622e+02
7.820000e-06	-3.980497e-09	-6.140671e-09	-3.308549e+01	-2.008179e+02
7.830000e-06	-4.018509e-09	-6.202146e-09	-3.340110e+01	-2.027642e+02
7.840000e-06	-4.056240e-09	-6.265351e-09	-3.371441e+01	-2.047011e+02
7.850000e-06	-4.093709e-09	-6.330463e-09	-3.402555e+01	-2.066285e+02
7.860000e-06	-4.130906e-09	-6.392668e-09	-3.433446e+01	-2.085463e+02
7.870000e-06	-4.167846e-09	-6.452711e-09	-3.464120e+01	-2.104544e+02
7.880000e-06	-4.204575e-09	-6.514724e-09	-3.494626e+01	-2.123526e+02
7.890000e-06	-4.241100e-09	-6.576294e-09	-3.524969e+01	-2.142410e+02
7.900000e-06	-4.277432e-09	-6.636103e-09	-3.555157e+01	-2.161195e+02
7.910000e-06	-4.313594e-09	-6.696445e-09	-3.585208e+01	-2.179879e+02
7.920000e-06	-4.349595e-09	-6.756318e-09	-3.615128e+01	-2.198461e+02
7.930000e-06	-4.385455e-09	-6.813363e-09	-3.644923e+01	-2.216941e+02
7.940000e-06	-4.421177e-09	-6.870358e-09	-3.674594e+01	-2.235319e+02
7.950000e-06	-4.456740e-09	-6.930952e-09	-3.704139e+01	-2.253592e+02
7.960000e-06	-4.492130e-09	-6.992987e-09	-3.733537e+01	-2.271760e+02
7.970000e-06	-4.527344e-09	-7.051531e-09	-3.762782e+01	-2.289823e+02
7.980000e-06	-4.562355e-09	-7.105356e-09	-3.791861e+01	-2.307779e+02
7.990000e-06	-4.597161e-09	-7.159735e-09	-3.820777e+01	-2.325628e+02
8.000000e-06	-4.631768e-09	-7.217907e-09	-3.849523e+01	-2.343369e+02
8.010000e-06	-4.666161e-09	-7.275450e-09	-3.878075e+01	-2.361001e+02
8.020000e-06	-4.700343e-09	-7.327789e-09	-3.906451e+01	-2.378523e+02
8.030000e-06	-4.734302e-09	-7.377972e-09	-3.934653e+01	-2.395934e+02
8.040000e-06	-4.768041e-09	-7.431503e-09	-3.962674e+01	-2.413234e+02
8.050000e-06	-4.801561e-09	-7.487363e-09	-3.990512e+01	-2.430422e+02
8.060000e-06	-4.834846e-09	-7.541048e-09	-4.018163e+01	-2.447497e+02
8.070000e-06	-4.867910e-09	-7.592355e-09	-4.045622e+01	-2.464458e+02
8.080000e-06	-4.900769e-09	-7.645007e-09	-4.072897e+01	-2.481304e+02
8.090000e-06	-4.933402e-09	-7.700164e-09	-4.100000e+01	-2.498035e+02
8.100000e-06	-4.965837e-09	-7.754542e-09	-4.126952e+01	-2.514650e+02
8.110000e-06	-4.998097e-09	-7.805321e-09	-4.153755e+01	-2.531147e+02
8.120000e-06	-5.030180e-09	-7.854062e-09	-4.180405e+01	-2.547528e+02
8.130000e-06	-5.062086e-09	-7.904912e-09	-4.206908e+01	-2.563789e+02
8.140000e-06	-5.093807e-09	-7.957759e-09	-4.233255e+01	-2.579932e+02
8.150000e-06	-5.125321e-09	-8.007820e-09	-4.259419e+01	-2.595954e+02
8.160000e-06	-5.156579e-09	-8.054412e-09	-4.285367e+01	-2.611856e+02
8.170000e-06	-5.187552e-09	-8.101167e-09	-4.311069e+01	-2.627636e+02
8.180000e-06	-5.218205e-09	-8.148303e-09	-4.336492e+01	-2.643294e+02
8.190000e-06	-5.248489e-09	-8.195238e-09	-4.361614e+01	-2.658829e+02
8.200000e-06	-5.278392e-09	-8.241932e-09	-4.386422e+01	-2.674241e+02
8.210000e-06	-5.307927e-09	-8.287675e-09	-4.410922e+01	-2.689528e+02
8.220000e-06	-5.337124e-09	-8.335007e-09	-4.435145e+01	-2.704690e+02
8.230000e-06	-5.365994e-09	-8.384669e-09	-4.459104e+01	-2.719726e+02
8.240000e-06	-5.394562e-09	-8.433507e-09	-4.482819e+01	-2.734636e+02
8.250000e-06	-5.422899e-09	-8.477161e-09	-4.506352e+01	-2.749419e+02
8.260000e-06	-5.451070e-09	-8.515059e-09	-4.529747e+01	-2.764074e+02
8.270000e-06	-5.479074e-09	-8.553753e-09	-4.553007e+01	-2.778600e+02
8.280000e-06	-5.506891e-09	-8.600162e-09	-4.576124e+01	-2.792997e+02
8.290000e-06	-5.534527e-09	-8.651553e-09	-4.599092e+01	-2.807265e+02
8.300000e-06	-5.561951e-09	-8.698141e-09	-4.621873e+01	-2.821401e+02
8.310000e-06	-5.589153e-09	-8.739108e-09	-4.644453e+01	-2.835407e+02
8.320000e-06	-5.616113e-09	-8.781667e-09	-4.666826e+01	-2.849280e+02
8.330000e-06	-5.642797e-09	-8.825290e-09	-4.688981e+01	-2.863022e+02
8.340000e-06	-5.669215e-09	-8.862052e-09	-4.710926e+01	-2.876630e+02
8.350000e-06	-5.695365e-09	-8.894620e-09	-4.732649e+01	-2.890104e+02
8.360000e-06	-5.721250e-09	-8.934427e-09	-4.754144e+01	-2.903444e+02
8.370000e-06	-5.746884e-09	-8.984588e-09	-4.775420e+01	-2.916649e+02
8.380000e-06	-5.772235e-09	-9.038924e-09	-4.796451e+01	-2.929718e+02
8.390000e-06	-5.797309e-09	-9.087776e-09	-4.817249e+01	-2.942651e+02
8.400000e-06	-5.822111e-09	-9.127813e-09	-4.837837e+01	-2.955447e+02
8.410000e-06	-5.846650e-09	-9.163630e-09	-4.858213e+01	-2.968106e+02
8.420000e-06	-5.870981e-09	-9.198160e-09	-4.878416e+01	-2.980627e+02
8.430000e-06	-5.895139e-09	-9.229560e-09	-4.898483e+01	-2.993009e+02
8.440000e-06	-5.919134e-09	-9.259853e-09	-4.918414e+01	-3.005252e+02
8.450000e-06	-5.942949e-09	-9.298440e-09	-4.938198e+01	-3.017355e+02
8.460000e-06	-5.966533e-09	-9.348356e-09	-4.957791e+01	-3.029318e+02
8.470000e-06	-5.989874e-09	-9.401739e-09	-4.977167e+01	-3.041140e+02
8.480000e-06	-6.012926e-09	-9.447285e-09	-4.996286e+01	-3.052821e+02
8.490000e-06	-6.035592e-09	-9.482275e-09	-5.015082e+01	-3.064360e+02
8.500000e-06	-6.057837e-09	-9.510683e-09	-5.033524e+01	-3.075756e+02
8.510000e-06	-6.079658e-09	-9.536951e-09	-5.051616e+01	-3.087009e+02
8.520000e-06	-6.101037e-09	-9.565708e-09	-5.069356e+01	-3.098119e+02
8.530000e-06	-6.121996e-09	-9.598628e-09	-5.086752e+01	-3.109084e+02
8.540000e-06	-6.142616e-09	-9.639226e-09	-5.103864e+01	-3.119906e+02
8.550000e-06	-6.162967e-09	-9.683869e-09	-5.120766e+01	-3.130582e+02
8.560000e-06	-6.183103e-09	-9.725359e-09	-5.137504e+01	-3.141112e+02
8.570000e-06	-6.203073e-09	-9.758415e-09	-5.154093e+01	-3.151496e+02
8.580000e-06	-6.222869e-09	-9.784638e-09	-5.170527e+01	-3.161734e+02
8.590000e-06	-6.242450e-09	-9.812798e-09	-5.186783e+01	-3.171825e+02
8.600000e-06	-6.261773e-09	-9.842754e-09	-5.202819e+01	-3.181768e+02
8.610000e-06	-6.280812e-09	-9.873372e-09	-5.218611e+01	-3.191564e+02
8.620000e-06	-6.299569e-09	-9.904727e-09	-5.234167e+01	-3.201211e+02
8.630000e-06	-6.318047e-09	-9.935826e-09	-5.249496e+01	-3.210709e+02
8.640000e-06	-6.336255e-09	-9.967312e-09	-5.264613e+01	-3.220058e+02
8.650000e-06	-6.354197e-09	-9.997979e-09	-5.279519e+01	-3.229257e+02
8.660000e-06	-6.371881e-09	-1.002417e-08	-5.294206e+01	-3.238306e+02
8.670000e-06	-6.389296e-09	-1.004600e-08	-5.308655e+01	-3.247204e+02
8.680000e-06	-6.406401e-09	-1.007063e-08	-5.322839e+01	-3.255952e+02
8.690000e-06	-6.423191e-09	-1.010177e-08	-5.336771e+01	-3.264548e+02
8.700000e-06	-6.439714e-09	-1.013647e-08	-5.350491e+01	-3.272992e+02
8.710000e-06	-6.456008e-09	-1.016806e-08	-5.364028e+01	-3.281284e+02
8.720000e-06	-6.472106e-09	-1.019221e-08	-5.377407e+01	-3.289424e+02
8.730000e-06	-6.488013e-09	-1.021091e-08	-5.390631e+01	-3.297410e+02
8.740000e-06	-6.503682e-09	-1.022841e-08	-5.403644e+01	-3.305243e+02
8.750000e-06	-6.519045e-09	-1.024616e-08	-5.416374e+01	-3.312923e+02
8.760000e-06	-6.534015e-09	-1.026530e-08	-5.428761e+01	-3.320448e+02
8.770000e-06	-6.548496e-09	-1.029049e-08	-5.440730e+01	-3.327819e+02
8.780000e-06	-6.562455e-09	-1.032126e-08	-5.452256e+01	-3.335036e+02
8.790000e-06	-6.575900e-09	-1.035448e-08	-5.463386e+01	-3.342097e+02
8.800000e-06	-6.588889e-09	-1.038136e-08	-5.474162e+01	-3.349003e+02
8.810000e-06	-6.601507e-09	-1.039553e-08	-5.484626e+01	-3.355753e+02
8.820000e-06	-6.613830e-09	-1.040524e-08	-5.494841e+01	-3.362347e+02
8.830000e-06	-6.625897e-09	-1.041972e-08	-5.504845e+01	-3.368785e+02
8.840000e-06	-6.637700e-09	-1.044055e-08	-5.514628e+01	-3.375066e+02
8.850000e-06	-6.649202e-09	-1.046203e-08	-5.524167e+01	-3.381191e+02
8.860000e-06	-6.660373e-09	-1.048381e-08	-5.533429e+01	-3.387158e+02
8.870000e-06	-6.671206e-09	-1.050748e-08	-5.542403e+01	-3.392967e+02
8.880000e-06	-6.681702e-09	-1.053107e-08	-5.551102e+01	-3.398619e+02
8.890000e-06	-6.691921e-09	-1.055052e-08	-5.559573e+01	-3.404113e+02
8.900000e-06	-6.701904e-09	-1.056098e-08	-5.567844e+01	-3.409448e+02
8.910000e-06	-6.711613e-09	-1.056931e-08	-5.575884e+01	-3.414625e+02
8.920000e-06	-6.721010e-09	-1.058180e-08	-5.583660e+01	-3.419644e+02
8.930000e-06	-6.730077e-09	-1.059757e-08	-5.591162e+01	-3.424503e+02
8.940000e-06	-6.738820e-09	-1.061324e-08	-5.598406e+01	-3.429203e+02
8.950000e-06	-6.747273e-09	-1.062795e-08	-5.605424e+01	-3.433743e+02
8.960000e-06	-6.755499e-09	-1.064453e-08	-5.612262e+01	-3.438124e+02
8.970000e-06	-6.763554e-09	-1.066120e-08	-5.618960e+01	-3.442345e+02
8.980000e-06	-6.771434e-09	-1.067524e-08	-5.625509e+01	-3.446406e+02
8.990000e-06	-6.779105e-09	-1.068541e-08	-5.631876e+01	-3.450307e+02
9.000000e-06	-6.786479e-09	-1.069325e-08	-5.637989e+01	-3.454047e+02
9.010000e-06	-6.793460e-09	-1.070060e-08	-5.643763e+01	-3.457627e+02
9.020000e-06	-6.799991e-09	-1.071241e-08	-5.649144e+01	-3.461046e+02
9.030000e-06	-6.806017e-09	-1.072684e-08	-5.654100e+01	-3.464304e+02
9.040000e-06	-6.811540e-09	-1.073434e-08	-5.658643e+01	-3.467401e+02
9.050000e-06	-6.816597e-09	-1.073831e-08	-5.662808e+01	-3.470337e+02
9.060000e-06	-6.821249e-09	-1.074670e-08	-5.666644e+01	-3.473111e+02
9.070000e-06	-6.825595e-09	-1.076155e-08	-5.670238e+01	-3.475724e+02
9.080000e-06	-6.829727e-09	-1.077387e-08	-5.673678e+01	-3.478175e+02
9.090000e-06	-6.833695e-09	-1.077899e-08	-5.676984e+01	-3.480465e+02
9.100000e-06	-6.837485e-09	-1.078336e-08	-5.680128e+01	-3.482592e+02
9.110000e-06	-6.841032e-09	-1.078920e-08	-5.683066e+01	-3.484558e+02
9.120000e-06	-6.844270e-09	-1.079014e-08	-5.685732e+01	-3.486362e+02
9.130000e-06	-6.847182e-09	-1.078185e-08	-5.688121e+01	-3.488004e+02
9.140000e-06	-6.849777e-09	-1.077898e-08	-5.690265e+01	-3.489483e+02
9.150000e-06	-6.852077e-09	-1.079210e-08	-5.692174e+01	-3.490800e+02
9.160000e-06	-6.854138e-09	-1.081690e-08	-5.693887e+01	-3.491955e+02
9.170000e-06	-6.855972e-09	-1.083900e-08	-5.695402e+01	-3.492948e+02
9.180000e-06	-6.857420e-09	-1.084640e-08	-5.696576e+01	-3.493778e+02
9.190000e-06	-6.858459e-09	-1.084368e-08	-5.697414e+01	-3.494446e+02
9.200000e-06	-6.859225e-09	-1.083472e-08	-5.698043e+01	-3.494951e+02
9.210000e-06	-6.859721e-09	-1.082488e-08	-5.698459e+01	-3.495294e+02
