-1.425329e-15
-1.306761e-15
1.370077e-15
-2.471295e-15
-3.453679e-16
1.765428e-13
2.370218e-13
2.397706e-13
2.285351e-13
2.343947e-13
2.294840e-13
2.262056e-13
2.437728e-13
2.377529e-13
2.392453e-13
2.370160e-13
2.341724e-13
2.358507e-13
2.352968e-13
2.401387e-13
2.481526e-13
2.405850e-13
2.444995e-13
2.377603e-13
2.440812e-13
2.467032e-13
2.382335e-13
2.423385e-13
2.386009e-13
2.431159e-13
2.419114e-13
2.498647e-13
2.414939e-13
2.410683e-13
2.425990e-13
1.539176e-13
1.830996e-14
1.648468e-14
1.898928e-14
1.919151e-14
