# Configuracion:
# Concentracion g/m^3_=_10000.0
# C_Vs_to_Am_M_A/Vsm_=_25649819763.59163
# pendiente_HvsI_1/m_=_3716.3
# ordenada_HvsI_A/m_=_1297.0
# frecuencia_ref_Hz_=_108503.57563836272
# 
Resultados:
# tau_s_=_(1.24+/-1.01)e+01
# dphi_rad_=_6.29+/-0.01
# SAR_W/g_=_6.97+/-5.61
# Hc_kA/m_=_0.57+/-0.33
# Mr_A/m_=_3.38+/-1.95
# Suceptibilidad_a_M=0_=_0.0055+/-0.0015
Nombre_archivo	Time_m_(s)	Temperatura_(ºC)	Mr_(A/m)	Hc_(kA/m)	Campo_max_(A/m)	Mag_max_(A/m)	f0	mag0	dphi0	SAR_(W/g)	Tau_(ns)	N	xi_M_0
105kHz_150dA_100Mss_bobN5PMag0006.txt		20.00	0.91	0.17	57041.50	305.32	1.085187e+05	1.496640e+01	6.279356e+00	-2.86	-5.616859	3686	5.384e-03
105kHz_150dA_100Mss_bobN5PMag0007.txt		20.00	3.47	0.62	57041.50	319.45	1.085187e+05	1.565909e+01	6.293072e+00	7.72	14.502194	3686	5.630e-03
105kHz_150dA_100Mss_bobN5PMag0008.txt		20.00	5.54	0.93	57041.50	336.39	1.085187e+05	1.648938e+01	6.298726e+00	12.78	22.797734	3686	5.936e-03
105kHz_150dA_100Mss_bobN5PMag0009.txt		20.00	5.90	1.04	57041.50	322.00	1.084893e+05	1.578821e+01	6.300753e+00	13.83	25.771714	3687	5.683e-03
105kHz_150dA_100Mss_bobN5PMag0010.txt		20.00	5.95	1.05	57041.50	321.65	1.084893e+05	1.577112e+01	6.300959e+00	13.98	26.073153	3687	5.671e-03
105kHz_150dA_100Mss_bobN5PMag0011.txt		20.00	1.39	0.23	57041.50	336.87	1.084893e+05	1.651746e+01	6.278241e+00	-4.07	-7.253231	3687	5.941e-03
105kHz_150dA_100Mss_bobN5PMag0012.txt		20.00	0.53	0.09	57041.50	347.73	1.084893e+05	1.705021e+01	6.283980e+00	0.68	1.165356	3687	6.134e-03
105kHz_150dA_100Mss_bobN5PMag0013.txt		20.00	0.66	0.11	57041.50	330.83	1.085187e+05	1.621684e+01	6.280366e+00	-2.28	-4.135651	3686	5.831e-03
105kHz_150dA_100Mss_bobN5PMag0014.txt		20.00	5.14	0.86	57041.50	340.81	1.085187e+05	1.670639e+01	6.297206e+00	11.68	20.567053	3686	6.007e-03
105kHz_150dA_100Mss_bobN5PMag0015.txt		20.00	8.09	1.37	57041.50	334.44	1.085187e+05	1.639412e+01	6.306362e+00	18.95	34.002214	3686	5.897e-03
105kHz_150dA_100Mss_bobN5PMag0016.txt		20.00	5.29	0.87	57041.50	344.48	1.084893e+05	1.689068e+01	6.297806e+00	12.31	21.448411	3687	6.074e-03
105kHz_150dA_100Mss_bobN5PMag0017.txt		20.00	3.60	0.61	57041.50	333.76	1.084893e+05	1.636504e+01	6.293349e+00	8.29	14.908959	3687	5.888e-03
105kHz_150dA_100Mss_bobN5PMag0018.txt		20.00	1.63	0.27	57041.50	343.08	1.084893e+05	1.682192e+01	6.287194e+00	3.36	5.880922	3687	6.056e-03
105kHz_150dA_100Mss_bobN5PMag0019.txt		20.00	2.57	0.43	57041.50	338.40	1.084893e+05	1.659272e+01	6.290130e+00	5.75	10.186105	3687	5.975e-03
105kHz_150dA_100Mss_bobN5PMag0020.txt		20.00	3.26	0.58	57041.50	319.45	1.085187e+05	1.565900e+01	6.292422e+00	7.21	13.550008	3686	5.639e-03
105kHz_150dA_100Mss_bobN5PMag0021.txt		20.00	4.18	0.72	57041.50	329.49	1.085187e+05	1.615146e+01	6.294944e+00	9.47	17.249016	3686	5.813e-03
105kHz_150dA_100Mss_bobN5PMag0022.txt		20.00	1.02	0.17	57041.50	343.12	1.085187e+05	1.681974e+01	6.285096e+00	1.60	2.802382	3686	0.000e+00
105kHz_150dA_100Mss_bobN5PMag0023.txt		20.00	0.99	0.17	57041.50	341.39	1.085187e+05	1.673472e+01	6.285301e+00	1.77	3.103365	3686	6.015e-03
105kHz_150dA_100Mss_bobN5PMag0024.txt		20.00	4.31	0.70	57041.50	347.62	1.085187e+05	1.703981e+01	6.294606e+00	9.71	16.752988	3686	6.134e-03
105kHz_150dA_100Mss_bobN5PMag0025.txt		20.00	3.17	0.53	57041.50	337.81	1.085187e+05	1.655908e+01	6.291707e+00	7.04	12.499550	3686	5.952e-03
105kHz_150dA_100Mss_bobN5PMag0026.txt		20.00	0.56	0.09	57041.50	343.87	1.085187e+05	1.685609e+01	6.280691e+00	-2.10	-3.658449	3686	6.062e-03
105kHz_150dA_100Mss_bobN5PMag0027.txt		20.00	6.11	1.02	57041.50	340.15	1.085187e+05	1.667380e+01	6.300274e+00	14.21	25.068869	3686	6.004e-03
105kHz_150dA_100Mss_bobN5PMag0028.txt		20.00	4.62	0.77	57041.50	338.83	1.085187e+05	1.660940e+01	6.295837e+00	10.48	18.558262	3686	5.979e-03
105kHz_150dA_100Mss_bobN5PMag0029.txt		20.00	2.96	0.49	57041.50	346.80	1.084893e+05	1.700446e+01	6.290991e+00	6.62	11.449862	3687	6.116e-03
105kHz_150dA_100Mss_bobN5PMag0030.txt		20.00	2.44	0.40	57041.50	348.77	1.084893e+05	1.710101e+01	6.289421e+00	5.32	9.146551	3687	6.153e-03
105kHz_150dA_100Mss_bobN5PMag0031.txt		20.00	3.01	0.49	57041.50	346.34	1.085187e+05	1.697708e+01	6.290671e+00	6.34	10.980545	3686	6.115e-03
105kHz_150dA_100Mss_bobN5PMag0032.txt		20.00	4.33	0.71	57041.50	347.43	1.085187e+05	1.703096e+01	6.294592e+00	9.69	16.732436	3686	6.131e-03
105kHz_150dA_100Mss_bobN5PMag0033.txt		20.00	4.70	0.78	57041.50	344.37	1.085187e+05	1.688056e+01	6.295789e+00	10.61	18.489326	3686	6.072e-03
105kHz_150dA_100Mss_bobN5PMag0034.txt		20.00	1.39	0.22	57041.50	355.03	1.084893e+05	1.740793e+01	6.286280e+00	2.69	4.538992	3687	0.000e+00
105kHz_150dA_100Mss_bobN5PMag0035.txt		20.00	3.71	0.62	57041.50	339.05	1.085187e+05	1.661992e+01	6.293133e+00	8.25	14.591062	3686	5.985e-03
