# Temperatura_=_20.0
# Concentracion g/m^3_=_10000.0
# C_Vs_to_Am_M_A/Vsm_=_25649819763.59163
# pendiente_HvsI_1/m_=_3716.3
# ordenada_HvsI_A/m_=_1297.0
# frecuencia_Hz_=_108503.57563836272
# Promedio de 30 ciclos

Tiempo_(s)	Campo_(V.s)	Magnetizacion_(V.s)	Campo_(kA/m)	Magnetizacion_(A/m)
0.000000e+00	-6.850919e-09	-1.102514e-08	-5.698594e+01	-3.371849e+02
1.000000e-08	-6.851026e-09	-1.102227e-08	-5.698682e+01	-3.371871e+02
2.000000e-08	-6.850982e-09	-1.102308e-08	-5.698638e+01	-3.371737e+02
3.000000e-08	-6.850738e-09	-1.102712e-08	-5.698431e+01	-3.371445e+02
4.000000e-08	-6.850255e-09	-1.103165e-08	-5.698025e+01	-3.370997e+02
5.000000e-08	-6.849465e-09	-1.103351e-08	-5.697368e+01	-3.370392e+02
6.000000e-08	-6.848269e-09	-1.104509e-08	-5.696372e+01	-3.369630e+02
7.000000e-08	-6.846602e-09	-1.105004e-08	-5.694979e+01	-3.368712e+02
8.000000e-08	-6.844408e-09	-1.097302e-08	-5.693146e+01	-3.367637e+02
9.000000e-08	-6.841692e-09	-1.085474e-08	-5.690880e+01	-3.366405e+02
1.000000e-07	-6.838486e-09	-1.091093e-08	-5.688216e+01	-3.365017e+02
1.100000e-07	-6.834885e-09	-1.116064e-08	-5.685231e+01	-3.363472e+02
1.200000e-07	-6.831018e-09	-1.118738e-08	-5.682023e+01	-3.361771e+02
1.300000e-07	-6.826966e-09	-1.083290e-08	-5.678652e+01	-3.359914e+02
1.400000e-07	-6.822737e-09	-1.063580e-08	-5.675127e+01	-3.357900e+02
1.500000e-07	-6.818248e-09	-1.097834e-08	-5.671387e+01	-3.355730e+02
1.600000e-07	-6.813407e-09	-1.127285e-08	-5.667353e+01	-3.353404e+02
1.700000e-07	-6.808232e-09	-1.092603e-08	-5.663040e+01	-3.350923e+02
1.800000e-07	-6.802741e-09	-1.062036e-08	-5.658466e+01	-3.348285e+02
1.900000e-07	-6.796923e-09	-1.095957e-08	-5.653628e+01	-3.345492e+02
2.000000e-07	-6.790837e-09	-1.117223e-08	-5.648568e+01	-3.342543e+02
2.100000e-07	-6.784487e-09	-1.083719e-08	-5.643282e+01	-3.339439e+02
2.200000e-07	-6.777798e-09	-1.076891e-08	-5.637715e+01	-3.336179e+02
2.300000e-07	-6.770755e-09	-1.107007e-08	-5.631860e+01	-3.332764e+02
2.400000e-07	-6.763406e-09	-1.095750e-08	-5.625748e+01	-3.329194e+02
2.500000e-07	-6.755816e-09	-1.070915e-08	-5.619431e+01	-3.325470e+02
2.600000e-07	-6.748045e-09	-1.096617e-08	-5.612968e+01	-3.321591e+02
2.700000e-07	-6.740103e-09	-1.110322e-08	-5.606368e+01	-3.317557e+02
2.800000e-07	-6.731968e-09	-1.077615e-08	-5.599597e+01	-3.313369e+02
2.900000e-07	-6.723588e-09	-1.077170e-08	-5.592621e+01	-3.309027e+02
3.000000e-07	-6.714902e-09	-1.097353e-08	-5.585393e+01	-3.304531e+02
3.100000e-07	-6.705828e-09	-1.070927e-08	-5.577835e+01	-3.299882e+02
3.200000e-07	-6.696234e-09	-1.054790e-08	-5.569845e+01	-3.295079e+02
3.300000e-07	-6.686081e-09	-1.079472e-08	-5.561402e+01	-3.290123e+02
3.400000e-07	-6.675422e-09	-1.073384e-08	-5.552533e+01	-3.285013e+02
3.500000e-07	-6.664288e-09	-1.052664e-08	-5.543264e+01	-3.279751e+02
3.600000e-07	-6.652771e-09	-1.071243e-08	-5.533675e+01	-3.274337e+02
3.700000e-07	-6.640917e-09	-1.073645e-08	-5.523809e+01	-3.268770e+02
3.800000e-07	-6.628731e-09	-1.050278e-08	-5.513672e+01	-3.263051e+02
3.900000e-07	-6.616221e-09	-1.067544e-08	-5.503264e+01	-3.257181e+02
4.000000e-07	-6.603388e-09	-1.079875e-08	-5.492591e+01	-3.251159e+02
4.100000e-07	-6.590246e-09	-1.054399e-08	-5.481653e+01	-3.244986e+02
4.200000e-07	-6.576800e-09	-1.062899e-08	-5.470459e+01	-3.238662e+02
4.300000e-07	-6.563070e-09	-1.080477e-08	-5.459039e+01	-3.232187e+02
4.400000e-07	-6.549062e-09	-1.053107e-08	-5.447392e+01	-3.225562e+02
4.500000e-07	-6.534735e-09	-1.045048e-08	-5.435476e+01	-3.218787e+02
4.600000e-07	-6.520041e-09	-1.065354e-08	-5.423258e+01	-3.211862e+02
4.700000e-07	-6.504962e-09	-1.058679e-08	-5.410722e+01	-3.204788e+02
4.800000e-07	-6.489479e-09	-1.046882e-08	-5.397845e+01	-3.197565e+02
4.900000e-07	-6.473570e-09	-1.047937e-08	-5.384617e+01	-3.190194e+02
5.000000e-07	-6.457277e-09	-1.047096e-08	-5.371059e+01	-3.182674e+02
5.100000e-07	-6.440655e-09	-1.047134e-08	-5.357221e+01	-3.175005e+02
5.200000e-07	-6.423741e-09	-1.039121e-08	-5.343153e+01	-3.167190e+02
5.300000e-07	-6.406565e-09	-1.031787e-08	-5.328866e+01	-3.159227e+02
5.400000e-07	-6.389147e-09	-1.041205e-08	-5.314376e+01	-3.151117e+02
5.500000e-07	-6.371491e-09	-1.038519e-08	-5.299691e+01	-3.142860e+02
5.600000e-07	-6.353550e-09	-1.023753e-08	-5.284770e+01	-3.134458e+02
5.700000e-07	-6.335290e-09	-1.027871e-08	-5.269583e+01	-3.125909e+02
5.800000e-07	-6.316693e-09	-1.030895e-08	-5.254113e+01	-3.117216e+02
5.900000e-07	-6.297738e-09	-1.017550e-08	-5.238343e+01	-3.108377e+02
6.000000e-07	-6.278451e-09	-1.014419e-08	-5.222292e+01	-3.099394e+02
6.100000e-07	-6.258890e-09	-1.018119e-08	-5.206015e+01	-3.090266e+02
6.200000e-07	-6.239118e-09	-1.011064e-08	-5.189571e+01	-3.080995e+02
6.300000e-07	-6.219164e-09	-1.007957e-08	-5.172983e+01	-3.071581e+02
6.400000e-07	-6.199054e-09	-1.009628e-08	-5.156256e+01	-3.062023e+02
6.500000e-07	-6.178769e-09	-1.002607e-08	-5.139376e+01	-3.052324e+02
6.600000e-07	-6.158282e-09	-9.970597e-09	-5.122331e+01	-3.042482e+02
6.700000e-07	-6.137575e-09	-9.987341e-09	-5.105102e+01	-3.032499e+02
6.800000e-07	-6.116601e-09	-9.957112e-09	-5.087649e+01	-3.022375e+02
6.900000e-07	-6.095348e-09	-9.874813e-09	-5.069969e+01	-3.012111e+02
7.000000e-07	-6.073835e-09	-9.841434e-09	-5.052079e+01	-3.001706e+02
7.100000e-07	-6.052061e-09	-9.842343e-09	-5.033965e+01	-2.991162e+02
7.200000e-07	-6.030012e-09	-9.805173e-09	-5.015620e+01	-2.980478e+02
7.300000e-07	-6.007678e-09	-9.739816e-09	-4.997041e+01	-2.969656e+02
7.400000e-07	-5.985038e-09	-9.704788e-09	-4.978215e+01	-2.958696e+02
7.500000e-07	-5.962087e-09	-9.694371e-09	-4.959135e+01	-2.947598e+02
7.600000e-07	-5.938860e-09	-9.658303e-09	-4.939815e+01	-2.936364e+02
7.700000e-07	-5.915379e-09	-9.610495e-09	-4.920270e+01	-2.924992e+02
7.800000e-07	-5.891647e-09	-9.566627e-09	-4.900523e+01	-2.913485e+02
7.900000e-07	-5.867694e-09	-9.515205e-09	-4.880602e+01	-2.901842e+02
8.000000e-07	-5.843523e-09	-9.477827e-09	-4.860500e+01	-2.890064e+02
8.100000e-07	-5.819121e-09	-9.454843e-09	-4.840205e+01	-2.878152e+02
8.200000e-07	-5.794467e-09	-9.401368e-09	-4.819702e+01	-2.866106e+02
8.300000e-07	-5.769515e-09	-9.338778e-09	-4.798946e+01	-2.853927e+02
8.400000e-07	-5.744236e-09	-9.322446e-09	-4.777902e+01	-2.841615e+02
8.500000e-07	-5.718617e-09	-9.309293e-09	-4.756569e+01	-2.829170e+02
8.600000e-07	-5.692607e-09	-9.257052e-09	-4.734920e+01	-2.816595e+02
8.700000e-07	-5.666194e-09	-9.201556e-09	-4.712937e+01	-2.803888e+02
8.800000e-07	-5.639406e-09	-9.160225e-09	-4.690642e+01	-2.791051e+02
8.900000e-07	-5.612275e-09	-9.116530e-09	-4.668059e+01	-2.778084e+02
9.000000e-07	-5.584877e-09	-9.071228e-09	-4.645251e+01	-2.764987e+02
9.100000e-07	-5.557236e-09	-9.023674e-09	-4.622255e+01	-2.751763e+02
9.200000e-07	-5.529389e-09	-8.966498e-09	-4.599086e+01	-2.738410e+02
9.300000e-07	-5.501360e-09	-8.924837e-09	-4.575766e+01	-2.724930e+02
9.400000e-07	-5.473150e-09	-8.904264e-09	-4.552301e+01	-2.711323e+02
9.500000e-07	-5.444743e-09	-8.865375e-09	-4.528664e+01	-2.697590e+02
9.600000e-07	-5.416106e-09	-8.801505e-09	-4.504833e+01	-2.683732e+02
9.700000e-07	-5.387224e-09	-8.748517e-09	-4.480804e+01	-2.669749e+02
9.800000e-07	-5.358092e-09	-8.711824e-09	-4.456564e+01	-2.655641e+02
9.900000e-07	-5.328693e-09	-8.664271e-09	-4.432110e+01	-2.641410e+02
1.000000e-06	-5.299044e-09	-8.605265e-09	-4.407449e+01	-2.627057e+02
1.010000e-06	-5.269166e-09	-8.548767e-09	-4.382590e+01	-2.612581e+02
1.020000e-06	-5.239031e-09	-8.501640e-09	-4.357533e+01	-2.597984e+02
1.030000e-06	-5.208650e-09	-8.466044e-09	-4.332276e+01	-2.583265e+02
1.040000e-06	-5.178058e-09	-8.429767e-09	-4.306840e+01	-2.568427e+02
1.050000e-06	-5.147242e-09	-8.375366e-09	-4.281214e+01	-2.553469e+02
1.060000e-06	-5.116216e-09	-8.314196e-09	-4.255405e+01	-2.538393e+02
1.070000e-06	-5.085030e-09	-8.269485e-09	-4.229448e+01	-2.523198e+02
1.080000e-06	-5.053684e-09	-8.225843e-09	-4.203361e+01	-2.507886e+02
1.090000e-06	-5.022165e-09	-8.164566e-09	-4.177149e+01	-2.492457e+02
1.100000e-06	-4.990455e-09	-8.101027e-09	-4.150791e+01	-2.476913e+02
1.110000e-06	-4.958568e-09	-8.052584e-09	-4.124283e+01	-2.461253e+02
1.120000e-06	-4.926500e-09	-8.012247e-09	-4.097617e+01	-2.445479e+02
1.130000e-06	-4.894226e-09	-7.965184e-09	-4.070773e+01	-2.429591e+02
1.140000e-06	-4.861734e-09	-7.908986e-09	-4.043745e+01	-2.413590e+02
1.150000e-06	-4.829000e-09	-7.851180e-09	-4.016515e+01	-2.397477e+02
1.160000e-06	-4.795995e-09	-7.803334e-09	-3.989048e+01	-2.381252e+02
1.170000e-06	-4.762681e-09	-7.760735e-09	-3.961324e+01	-2.364917e+02
1.180000e-06	-4.729029e-09	-7.704250e-09	-3.933331e+01	-2.348471e+02
1.190000e-06	-4.695041e-09	-7.636808e-09	-3.905050e+01	-2.331917e+02
1.200000e-06	-4.660719e-09	-7.580435e-09	-3.876491e+01	-2.315254e+02
1.210000e-06	-4.626079e-09	-7.536005e-09	-3.847673e+01	-2.298483e+02
1.220000e-06	-4.591163e-09	-7.482485e-09	-3.818628e+01	-2.281605e+02
1.230000e-06	-4.555993e-09	-7.416112e-09	-3.789375e+01	-2.264621e+02
1.240000e-06	-4.520595e-09	-7.353928e-09	-3.759931e+01	-2.247532e+02
1.250000e-06	-4.484981e-09	-7.305162e-09	-3.730310e+01	-2.230338e+02
1.260000e-06	-4.449194e-09	-7.259119e-09	-3.700553e+01	-2.213041e+02
1.270000e-06	-4.413259e-09	-7.203075e-09	-3.670670e+01	-2.195641e+02
1.280000e-06	-4.377170e-09	-7.141916e-09	-3.640650e+01	-2.178138e+02
1.290000e-06	-4.340926e-09	-7.085053e-09	-3.610508e+01	-2.160534e+02
1.300000e-06	-4.304544e-09	-7.031537e-09	-3.580251e+01	-2.142830e+02
1.310000e-06	-4.268016e-09	-6.972604e-09	-3.549868e+01	-2.125026e+02
1.320000e-06	-4.231310e-09	-6.902808e-09	-3.519343e+01	-2.107123e+02
1.330000e-06	-4.194428e-09	-6.834151e-09	-3.488673e+01	-2.089122e+02
1.340000e-06	-4.157380e-09	-6.780758e-09	-3.457861e+01	-2.071024e+02
1.350000e-06	-4.120168e-09	-6.733564e-09	-3.426910e+01	-2.052830e+02
1.360000e-06	-4.082746e-09	-6.676826e-09	-3.395780e+01	-2.034540e+02
1.370000e-06	-4.045127e-09	-6.614010e-09	-3.364475e+01	-2.016156e+02
1.380000e-06	-4.007306e-09	-6.554724e-09	-3.333007e+01	-1.997677e+02
1.390000e-06	-3.969277e-09	-6.494711e-09	-3.301377e+01	-1.979106e+02
1.400000e-06	-3.931055e-09	-6.427619e-09	-3.269586e+01	-1.960443e+02
1.410000e-06	-3.892620e-09	-6.357213e-09	-3.237614e+01	-1.941689e+02
1.420000e-06	-3.854006e-09	-6.288684e-09	-3.205490e+01	-1.922844e+02
1.430000e-06	-3.815232e-09	-6.225390e-09	-3.173243e+01	-1.903910e+02
1.440000e-06	-3.776285e-09	-6.169675e-09	-3.140856e+01	-1.884887e+02
1.450000e-06	-3.737193e-09	-6.113660e-09	-3.108340e+01	-1.865777e+02
1.460000e-06	-3.697973e-09	-6.048587e-09	-3.075717e+01	-1.846579e+02
1.470000e-06	-3.658622e-09	-5.981686e-09	-3.042980e+01	-1.827296e+02
1.480000e-06	-3.619138e-09	-5.920653e-09	-3.010140e+01	-1.807928e+02
1.490000e-06	-3.579526e-09	-5.858557e-09	-2.977199e+01	-1.788476e+02
1.500000e-06	-3.539798e-09	-5.790855e-09	-2.944156e+01	-1.768940e+02
1.510000e-06	-3.499951e-09	-5.722768e-09	-2.911016e+01	-1.749323e+02
1.520000e-06	-3.459969e-09	-5.654704e-09	-2.877759e+01	-1.729624e+02
1.530000e-06	-3.419852e-09	-5.583527e-09	-2.844396e+01	-1.709844e+02
1.540000e-06	-3.379590e-09	-5.512005e-09	-2.810914e+01	-1.689985e+02
1.550000e-06	-3.339178e-09	-5.445516e-09	-2.777301e+01	-1.670047e+02
1.560000e-06	-3.298620e-09	-5.384418e-09	-2.743561e+01	-1.650032e+02
1.570000e-06	-3.257904e-09	-5.326218e-09	-2.709685e+01	-1.629940e+02
1.580000e-06	-3.217031e-09	-5.265082e-09	-2.675672e+01	-1.609772e+02
1.590000e-06	-3.175976e-09	-5.196315e-09	-2.641503e+01	-1.589529e+02
1.600000e-06	-3.134711e-09	-5.121279e-09	-2.607158e+01	-1.569212e+02
1.610000e-06	-3.093265e-09	-5.043209e-09	-2.572659e+01	-1.548822e+02
1.620000e-06	-3.051626e-09	-4.967360e-09	-2.538000e+01	-1.528360e+02
1.630000e-06	-3.009756e-09	-4.897692e-09	-2.503157e+01	-1.507827e+02
1.640000e-06	-2.967661e-09	-4.833536e-09	-2.468124e+01	-1.487224e+02
1.650000e-06	-2.925378e-09	-4.770959e-09	-2.432934e+01	-1.466551e+02
1.660000e-06	-2.882925e-09	-4.709327e-09	-2.397612e+01	-1.445811e+02
1.670000e-06	-2.840307e-09	-4.646448e-09	-2.362151e+01	-1.425003e+02
1.680000e-06	-2.797532e-09	-4.575573e-09	-2.326556e+01	-1.404129e+02
1.690000e-06	-2.754598e-09	-4.498816e-09	-2.290827e+01	-1.383189e+02
1.700000e-06	-2.711534e-09	-4.424485e-09	-2.254990e+01	-1.362185e+02
1.710000e-06	-2.668352e-09	-4.354491e-09	-2.219057e+01	-1.341118e+02
1.720000e-06	-2.625012e-09	-4.283539e-09	-2.183008e+01	-1.319988e+02
1.730000e-06	-2.581540e-09	-4.210905e-09	-2.146851e+01	-1.298797e+02
1.740000e-06	-2.537965e-09	-4.140591e-09	-2.110600e+01	-1.277546e+02
1.750000e-06	-2.494274e-09	-4.073173e-09	-2.074251e+01	-1.256235e+02
1.760000e-06	-2.450468e-09	-4.006686e-09	-2.037806e+01	-1.234865e+02
1.770000e-06	-2.406546e-09	-3.936788e-09	-2.001278e+01	-1.213438e+02
1.780000e-06	-2.362508e-09	-3.864886e-09	-1.964668e+01	-1.191955e+02
1.790000e-06	-2.318378e-09	-3.794866e-09	-1.927983e+01	-1.170416e+02
1.800000e-06	-2.274168e-09	-3.724281e-09	-1.891224e+01	-1.148823e+02
1.810000e-06	-2.229852e-09	-3.649740e-09	-1.854376e+01	-1.127176e+02
1.820000e-06	-2.185443e-09	-3.573004e-09	-1.817448e+01	-1.105476e+02
1.830000e-06	-2.140971e-09	-3.498704e-09	-1.780467e+01	-1.083726e+02
1.840000e-06	-2.096428e-09	-3.429019e-09	-1.743430e+01	-1.061925e+02
1.850000e-06	-2.051802e-09	-3.362275e-09	-1.706317e+01	-1.040074e+02
1.860000e-06	-2.007099e-09	-3.293550e-09	-1.669135e+01	-1.018175e+02
1.870000e-06	-1.962332e-09	-3.222456e-09	-1.631896e+01	-9.962285e+01
1.880000e-06	-1.917483e-09	-3.151486e-09	-1.594584e+01	-9.742357e+01
1.890000e-06	-1.872559e-09	-3.079306e-09	-1.557216e+01	-9.521976e+01
1.900000e-06	-1.827588e-09	-3.001563e-09	-1.519823e+01	-9.301151e+01
1.910000e-06	-1.782554e-09	-2.918965e-09	-1.482379e+01	-9.079894e+01
1.920000e-06	-1.737436e-09	-2.840045e-09	-1.444851e+01	-8.858213e+01
1.930000e-06	-1.692250e-09	-2.768434e-09	-1.407261e+01	-8.636121e+01
1.940000e-06	-1.647008e-09	-2.699769e-09	-1.369620e+01	-8.413626e+01
1.950000e-06	-1.601679e-09	-2.629833e-09	-1.331907e+01	-8.190739e+01
1.960000e-06	-1.556285e-09	-2.559549e-09	-1.294141e+01	-7.967471e+01
1.970000e-06	-1.510841e-09	-2.489565e-09	-1.256332e+01	-7.743832e+01
1.980000e-06	-1.465305e-09	-2.416369e-09	-1.218454e+01	-7.519832e+01
1.990000e-06	-1.419670e-09	-2.338217e-09	-1.180504e+01	-7.295482e+01
2.000000e-06	-1.373974e-09	-2.258077e-09	-1.142501e+01	-7.070792e+01
2.010000e-06	-1.328206e-09	-2.180061e-09	-1.104436e+01	-6.845773e+01
2.020000e-06	-1.282370e-09	-2.104951e-09	-1.066320e+01	-6.620435e+01
2.030000e-06	-1.236487e-09	-2.031610e-09	-1.028154e+01	-6.394789e+01
2.040000e-06	-1.190524e-09	-1.959250e-09	-9.899144e+00	-6.168845e+01
2.050000e-06	-1.144473e-09	-1.885985e-09	-9.516123e+00	-5.942613e+01
2.060000e-06	-1.098359e-09	-1.811285e-09	-9.132699e+00	-5.716104e+01
2.070000e-06	-1.052213e-09	-1.736651e-09	-8.748953e+00	-5.489329e+01
2.080000e-06	-1.006029e-09	-1.662287e-09	-8.364813e+00	-5.262298e+01
2.090000e-06	-9.598004e-10	-1.586694e-09	-7.980286e+00	-5.035022e+01
2.100000e-06	-9.135321e-10	-1.508672e-09	-7.595480e+00	-4.807511e+01
2.110000e-06	-8.672171e-10	-1.429750e-09	-7.210304e+00	-4.579776e+01
2.120000e-06	-8.208638e-10	-1.352845e-09	-6.824743e+00	-4.351828e+01
2.130000e-06	-7.744820e-10	-1.278625e-09	-6.438942e+00	-4.123676e+01
2.140000e-06	-7.280771e-10	-1.205192e-09	-6.052877e+00	-3.895332e+01
2.150000e-06	-6.816617e-10	-1.131814e-09	-5.666702e+00	-3.666807e+01
2.160000e-06	-6.352290e-10	-1.058683e-09	-5.280421e+00	-3.438110e+01
2.170000e-06	-5.887812e-10	-9.851265e-10	-4.893999e+00	-3.209253e+01
2.180000e-06	-5.423007e-10	-9.087568e-10	-4.507368e+00	-2.980246e+01
2.190000e-06	-4.957647e-10	-8.273397e-10	-4.120327e+00	-2.751099e+01
2.200000e-06	-4.491909e-10	-7.468499e-10	-3.732962e+00	-2.521825e+01
2.210000e-06	-4.026060e-10	-6.711945e-10	-3.345446e+00	-2.292432e+01
2.220000e-06	-3.560070e-10	-5.988741e-10	-2.957808e+00	-2.062932e+01
2.230000e-06	-3.093858e-10	-5.289835e-10	-2.569991e+00	-1.833335e+01
2.240000e-06	-2.627395e-10	-4.573513e-10	-2.181955e+00	-1.603653e+01
2.250000e-06	-2.160758e-10	-3.827325e-10	-1.793807e+00	-1.373895e+01
2.260000e-06	-1.694010e-10	-3.052621e-10	-1.405574e+00	-1.144073e+01
2.270000e-06	-1.227203e-10	-2.225833e-10	-1.017263e+00	-9.141964e+00
2.280000e-06	-7.603250e-11	-1.377101e-10	-6.289435e-01	-6.842771e+00
2.290000e-06	-2.934742e-11	-6.071036e-11	-2.407014e-01	-4.543252e+00
2.300000e-06	1.731111e-11	6.226597e-12	1.473875e-01	-2.243516e+00
2.310000e-06	6.396124e-11	7.220575e-11	5.354633e-01	5.633121e-02
2.320000e-06	1.106116e-10	1.422015e-10	9.235227e-01	2.356183e+00
2.330000e-06	1.572583e-10	2.163627e-10	1.311499e+00	4.655932e+00
2.340000e-06	2.038848e-10	2.948683e-10	1.699312e+00	6.955471e+00
2.350000e-06	2.504835e-10	3.809719e-10	2.086913e+00	9.254694e+00
2.360000e-06	2.970603e-10	4.696754e-10	2.474425e+00	1.155349e+01
2.370000e-06	3.436230e-10	5.485173e-10	2.861824e+00	1.385176e+01
2.380000e-06	3.901792e-10	6.151045e-10	3.249068e+00	1.614940e+01
2.390000e-06	4.367275e-10	6.757686e-10	3.636234e+00	1.844628e+01
2.400000e-06	4.832554e-10	7.398819e-10	4.023269e+00	2.074232e+01
2.410000e-06	5.297587e-10	8.096651e-10	4.410074e+00	2.303740e+01
2.420000e-06	5.762471e-10	8.865217e-10	4.796695e+00	2.533142e+01
2.430000e-06	6.227227e-10	9.728089e-10	5.183174e+00	2.762427e+01
2.440000e-06	6.691690e-10	1.064537e-09	5.569439e+00	2.991584e+01
2.450000e-06	7.155903e-10	1.149295e-09	5.955566e+00	3.220602e+01
2.460000e-06	7.619794e-10	1.218718e-09	6.341469e+00	3.449472e+01
2.470000e-06	8.083182e-10	1.279308e-09	6.726938e+00	3.678182e+01
2.480000e-06	8.546212e-10	1.338807e-09	7.111985e+00	3.906721e+01
2.490000e-06	9.008765e-10	1.403826e-09	7.496664e+00	4.135080e+01
2.500000e-06	9.470841e-10	1.477088e-09	7.880971e+00	4.363247e+01
2.510000e-06	9.932512e-10	1.560585e-09	8.264962e+00	4.591212e+01
2.520000e-06	1.039368e-09	1.649823e-09	8.648584e+00	4.818965e+01
2.530000e-06	1.085426e-09	1.734157e-09	9.031593e+00	5.046494e+01
2.540000e-06	1.131429e-09	1.810332e-09	9.414028e+00	5.273789e+01
2.550000e-06	1.177363e-09	1.875891e-09	9.796011e+00	5.500840e+01
2.560000e-06	1.223201e-09	1.936614e-09	1.017742e+01	5.727635e+01
2.570000e-06	1.268983e-09	2.000415e-09	1.055837e+01	5.954165e+01
2.580000e-06	1.314704e-09	2.071193e-09	1.093872e+01	6.180420e+01
2.590000e-06	1.360340e-09	2.148284e-09	1.131841e+01	6.406387e+01
2.600000e-06	1.405937e-09	2.228928e-09	1.169777e+01	6.632058e+01
2.610000e-06	1.451471e-09	2.310605e-09	1.207650e+01	6.857420e+01
2.620000e-06	1.496910e-09	2.387173e-09	1.245450e+01	7.082465e+01
2.630000e-06	1.542293e-09	2.459547e-09	1.283209e+01	7.307181e+01
2.640000e-06	1.587606e-09	2.528284e-09	1.320902e+01	7.531559e+01
2.650000e-06	1.632841e-09	2.595961e-09	1.358527e+01	7.755587e+01
2.660000e-06	1.678028e-09	2.665513e-09	1.396103e+01	7.979255e+01
2.670000e-06	1.723155e-09	2.736850e-09	1.433624e+01	8.202553e+01
2.680000e-06	1.768215e-09	2.809692e-09	1.471100e+01	8.425470e+01
2.690000e-06	1.813190e-09	2.881090e-09	1.508514e+01	8.647996e+01
2.700000e-06	1.858090e-09	2.952534e-09	1.545868e+01	8.870122e+01
2.710000e-06	1.902931e-09	3.026661e-09	1.583165e+01	9.091835e+01
2.720000e-06	1.947698e-09	3.103897e-09	1.620397e+01	9.313127e+01
2.730000e-06	1.992389e-09	3.178608e-09	1.657565e+01	9.533986e+01
2.740000e-06	2.036999e-09	3.249586e-09	1.694664e+01	9.754403e+01
2.750000e-06	2.081527e-09	3.320004e-09	1.731690e+01	9.974367e+01
2.760000e-06	2.125977e-09	3.388645e-09	1.768648e+01	1.019387e+02
2.770000e-06	2.170358e-09	3.457943e-09	1.805550e+01	1.041290e+02
2.780000e-06	2.214655e-09	3.527898e-09	1.842385e+01	1.063144e+02
2.790000e-06	2.258862e-09	3.596887e-09	1.879151e+01	1.084949e+02
2.800000e-06	2.303003e-09	3.666398e-09	1.915862e+01	1.106704e+02
2.810000e-06	2.347069e-09	3.739783e-09	1.952509e+01	1.128407e+02
2.820000e-06	2.391038e-09	3.816469e-09	1.989083e+01	1.150058e+02
2.830000e-06	2.434914e-09	3.890461e-09	2.025580e+01	1.171656e+02
2.840000e-06	2.478702e-09	3.962314e-09	2.062000e+01	1.193199e+02
2.850000e-06	2.522394e-09	4.035094e-09	2.098341e+01	1.214687e+02
2.860000e-06	2.565960e-09	4.107588e-09	2.134578e+01	1.236119e+02
2.870000e-06	2.609409e-09	4.176510e-09	2.170713e+01	1.257493e+02
2.880000e-06	2.652733e-09	4.238591e-09	2.206749e+01	1.278808e+02
2.890000e-06	2.695906e-09	4.300474e-09	2.242666e+01	1.300065e+02
2.900000e-06	2.738941e-09	4.369128e-09	2.278467e+01	1.321261e+02
2.910000e-06	2.781829e-09	4.444051e-09	2.314143e+01	1.342395e+02
2.920000e-06	2.824529e-09	4.519852e-09	2.349661e+01	1.363468e+02
2.930000e-06	2.867037e-09	4.590715e-09	2.385020e+01	1.384476e+02
2.940000e-06	2.909377e-09	4.660651e-09	2.420236e+01	1.405421e+02
2.950000e-06	2.951534e-09	4.731348e-09	2.455306e+01	1.426301e+02
2.960000e-06	2.993474e-09	4.799860e-09	2.490205e+01	1.447114e+02
2.970000e-06	3.035201e-09	4.863336e-09	2.524925e+01	1.467860e+02
2.980000e-06	3.076717e-09	4.922847e-09	2.559465e+01	1.488538e+02
2.990000e-06	3.118024e-09	4.986320e-09	2.593821e+01	1.509146e+02
3.000000e-06	3.159130e-09	5.056242e-09	2.628009e+01	1.529685e+02
3.010000e-06	3.200047e-09	5.124793e-09	2.662043e+01	1.550153e+02
3.020000e-06	3.240802e-09	5.191408e-09	2.695938e+01	1.570548e+02
3.030000e-06	3.281415e-09	5.262299e-09	2.729711e+01	1.590871e+02
3.040000e-06	3.321881e-09	5.332103e-09	2.763369e+01	1.611120e+02
3.050000e-06	3.362201e-09	5.396079e-09	2.796908e+01	1.631294e+02
3.060000e-06	3.402388e-09	5.454424e-09	2.830334e+01	1.651392e+02
3.070000e-06	3.442453e-09	5.510330e-09	2.863657e+01	1.671414e+02
3.080000e-06	3.482397e-09	5.568522e-09	2.896875e+01	1.691358e+02
3.090000e-06	3.522213e-09	5.631632e-09	2.929990e+01	1.711223e+02
3.100000e-06	3.561898e-09	5.701130e-09	2.963002e+01	1.731009e+02
3.110000e-06	3.601460e-09	5.772614e-09	2.995903e+01	1.750714e+02
3.120000e-06	3.640906e-09	5.844609e-09	3.028704e+01	1.770339e+02
3.130000e-06	3.680209e-09	5.913948e-09	3.061398e+01	1.789881e+02
3.140000e-06	3.719351e-09	5.976268e-09	3.093964e+01	1.809339e+02
3.150000e-06	3.758316e-09	6.031036e-09	3.126389e+01	1.828714e+02
3.160000e-06	3.797120e-09	6.080341e-09	3.158676e+01	1.848004e+02
3.170000e-06	3.835752e-09	6.135645e-09	3.190818e+01	1.867208e+02
3.180000e-06	3.874186e-09	6.199799e-09	3.222797e+01	1.886326e+02
3.190000e-06	3.912461e-09	6.266101e-09	3.254639e+01	1.905355e+02
3.200000e-06	3.950567e-09	6.329710e-09	3.286331e+01	1.924297e+02
3.210000e-06	3.988484e-09	6.392340e-09	3.317864e+01	1.943149e+02
3.220000e-06	4.026217e-09	6.456620e-09	3.349250e+01	1.961910e+02
3.230000e-06	4.063744e-09	6.516302e-09	3.380466e+01	1.980581e+02
3.240000e-06	4.101081e-09	6.569408e-09	3.411525e+01	1.999159e+02
3.250000e-06	4.138238e-09	6.620907e-09	3.442438e+01	2.017645e+02
3.260000e-06	4.175219e-09	6.677756e-09	3.473197e+01	2.036037e+02
3.270000e-06	4.212046e-09	6.739183e-09	3.503825e+01	2.054334e+02
3.280000e-06	4.248714e-09	6.799084e-09	3.534320e+01	2.072536e+02
3.290000e-06	4.285231e-09	6.856204e-09	3.564688e+01	2.090642e+02
3.300000e-06	4.321597e-09	6.911662e-09	3.594934e+01	2.108650e+02
3.310000e-06	4.357808e-09	6.967977e-09	3.625043e+01	2.126561e+02
3.320000e-06	4.393874e-09	7.027735e-09	3.655028e+01	2.144373e+02
3.330000e-06	4.429801e-09	7.087620e-09	3.684906e+01	2.162085e+02
3.340000e-06	4.465581e-09	7.141555e-09	3.714662e+01	2.179697e+02
3.350000e-06	4.501193e-09	7.193509e-09	3.744273e+01	2.197207e+02
3.360000e-06	4.536599e-09	7.247065e-09	3.773717e+01	2.214616e+02
3.370000e-06	4.571772e-09	7.301655e-09	3.802976e+01	2.231922e+02
3.380000e-06	4.606668e-09	7.355483e-09	3.832021e+01	2.249124e+02
3.390000e-06	4.641272e-09	7.408061e-09	3.860834e+01	2.266221e+02
3.400000e-06	4.675582e-09	7.466049e-09	3.889395e+01	2.283213e+02
3.410000e-06	4.709546e-09	7.529765e-09	3.917669e+01	2.300100e+02
3.420000e-06	4.743146e-09	7.590302e-09	3.945642e+01	2.316879e+02
3.430000e-06	4.776430e-09	7.640609e-09	3.973338e+01	2.333551e+02
3.440000e-06	4.809432e-09	7.684966e-09	4.000793e+01	2.350114e+02
3.450000e-06	4.842173e-09	7.730537e-09	4.028029e+01	2.366568e+02
3.460000e-06	4.874687e-09	7.780677e-09	4.055075e+01	2.382912e+02
3.470000e-06	4.907018e-09	7.835051e-09	4.081967e+01	2.399146e+02
3.480000e-06	4.939169e-09	7.889363e-09	4.108706e+01	2.415268e+02
3.490000e-06	4.971161e-09	7.946819e-09	4.135310e+01	2.431278e+02
3.500000e-06	5.003008e-09	8.005741e-09	4.161788e+01	2.447175e+02
3.510000e-06	5.034668e-09	8.056648e-09	4.188119e+01	2.462958e+02
3.520000e-06	5.066125e-09	8.098887e-09	4.214284e+01	2.478627e+02
3.530000e-06	5.097373e-09	8.142766e-09	4.240268e+01	2.494180e+02
3.540000e-06	5.128395e-09	8.195282e-09	4.266065e+01	2.509618e+02
3.550000e-06	5.159154e-09	8.251878e-09	4.291651e+01	2.524939e+02
3.560000e-06	5.189673e-09	8.306995e-09	4.317038e+01	2.540143e+02
3.570000e-06	5.219977e-09	8.356726e-09	4.342245e+01	2.555229e+02
3.580000e-06	5.250047e-09	8.402693e-09	4.367254e+01	2.570197e+02
3.590000e-06	5.279898e-09	8.446385e-09	4.392078e+01	2.585044e+02
3.600000e-06	5.309541e-09	8.487933e-09	4.416730e+01	2.599772e+02
3.610000e-06	5.338948e-09	8.529921e-09	4.441188e+01	2.614379e+02
3.620000e-06	5.368105e-09	8.576071e-09	4.465447e+01	2.628865e+02
3.630000e-06	5.397018e-09	8.627650e-09	4.489505e+01	2.643228e+02
3.640000e-06	5.425701e-09	8.679409e-09	4.513371e+01	2.657469e+02
3.650000e-06	5.454182e-09	8.727888e-09	4.537068e+01	2.671586e+02
3.660000e-06	5.482485e-09	8.771397e-09	4.560604e+01	2.685579e+02
3.670000e-06	5.510613e-09	8.811716e-09	4.583990e+01	2.699447e+02
3.680000e-06	5.538593e-09	8.855443e-09	4.607254e+01	2.713190e+02
3.690000e-06	5.566432e-09	8.900684e-09	4.630403e+01	2.726807e+02
3.700000e-06	5.594091e-09	8.940950e-09	4.653395e+01	2.740297e+02
3.710000e-06	5.621498e-09	8.978076e-09	4.676174e+01	2.753660e+02
3.720000e-06	5.648576e-09	9.018102e-09	4.698690e+01	2.766895e+02
3.730000e-06	5.675274e-09	9.060750e-09	4.720900e+01	2.780001e+02
3.740000e-06	5.701540e-09	9.103114e-09	4.742749e+01	2.792979e+02
3.750000e-06	5.727357e-09	9.145764e-09	4.764212e+01	2.805826e+02
3.760000e-06	5.752739e-09	9.190900e-09	4.785318e+01	2.818543e+02
3.770000e-06	5.777720e-09	9.238516e-09	4.806101e+01	2.831130e+02
3.780000e-06	5.802372e-09	9.281253e-09	4.826610e+01	2.843584e+02
3.790000e-06	5.826758e-09	9.311445e-09	4.846898e+01	2.855907e+02
3.800000e-06	5.850931e-09	9.334977e-09	4.867008e+01	2.868097e+02
3.810000e-06	5.874894e-09	9.363429e-09	4.886944e+01	2.880153e+02
3.820000e-06	5.898634e-09	9.401215e-09	4.906690e+01	2.892076e+02
3.830000e-06	5.922161e-09	9.445645e-09	4.926261e+01	2.903865e+02
3.840000e-06	5.945428e-09	9.491590e-09	4.945613e+01	2.915518e+02
3.850000e-06	5.968413e-09	9.536037e-09	4.964721e+01	2.927037e+02
3.860000e-06	5.991154e-09	9.574848e-09	4.983618e+01	2.938419e+02
3.870000e-06	6.013623e-09	9.606175e-09	5.002294e+01	2.949664e+02
3.880000e-06	6.035836e-09	9.630754e-09	5.020766e+01	2.960773e+02
3.890000e-06	6.057806e-09	9.654000e-09	5.039036e+01	2.971744e+02
3.900000e-06	6.079519e-09	9.682725e-09	5.057092e+01	2.982577e+02
3.910000e-06	6.100987e-09	9.719445e-09	5.074943e+01	2.993271e+02
3.920000e-06	6.122177e-09	9.762158e-09	5.092563e+01	3.003827e+02
3.930000e-06	6.143064e-09	9.802602e-09	5.109934e+01	3.014243e+02
3.940000e-06	6.163651e-09	9.837033e-09	5.127055e+01	3.024518e+02
3.950000e-06	6.183989e-09	9.868210e-09	5.143968e+01	3.034654e+02
3.960000e-06	6.204159e-09	9.899001e-09	5.160737e+01	3.044648e+02
3.970000e-06	6.224180e-09	9.925533e-09	5.177382e+01	3.054501e+02
3.980000e-06	6.244034e-09	9.946270e-09	5.193891e+01	3.064212e+02
3.990000e-06	6.263695e-09	9.970117e-09	5.210229e+01	3.073780e+02
4.000000e-06	6.283124e-09	1.000159e-08	5.226369e+01	3.083206e+02
4.010000e-06	6.302243e-09	1.003653e-08	5.242267e+01	3.092488e+02
4.020000e-06	6.320973e-09	1.006740e-08	5.257846e+01	3.101627e+02
4.030000e-06	6.339322e-09	1.009513e-08	5.273096e+01	3.110622e+02
4.040000e-06	6.357332e-09	1.012457e-08	5.288068e+01	3.119472e+02
4.050000e-06	6.375031e-09	1.015560e-08	5.302782e+01	3.128177e+02
4.060000e-06	6.392457e-09	1.018316e-08	5.317261e+01	3.136737e+02
4.070000e-06	6.409665e-09	1.020381e-08	5.331563e+01	3.145152e+02
4.080000e-06	6.426636e-09	1.022372e-08	5.345668e+01	3.153420e+02
4.090000e-06	6.443328e-09	1.024603e-08	5.359540e+01	3.161541e+02
4.100000e-06	6.459754e-09	1.026944e-08	5.373196e+01	3.169516e+02
4.110000e-06	6.475839e-09	1.029290e-08	5.386577e+01	3.177343e+02
4.120000e-06	6.491508e-09	1.031827e-08	5.399617e+01	3.185023e+02
4.130000e-06	6.506788e-09	1.034743e-08	5.412328e+01	3.192555e+02
4.140000e-06	6.521717e-09	1.037763e-08	5.424734e+01	3.199939e+02
4.150000e-06	6.536315e-09	1.040459e-08	5.436862e+01	3.207174e+02
4.160000e-06	6.550602e-09	1.042544e-08	5.448731e+01	3.214259e+02
4.170000e-06	6.564594e-09	1.044214e-08	5.460360e+01	3.221196e+02
4.180000e-06	6.578262e-09	1.045698e-08	5.471731e+01	3.227983e+02
4.190000e-06	6.591638e-09	1.047292e-08	5.482852e+01	3.234620e+02
4.200000e-06	6.604713e-09	1.049171e-08	5.493718e+01	3.241106e+02
4.210000e-06	6.617429e-09	1.051302e-08	5.504290e+01	3.247442e+02
4.220000e-06	6.629835e-09	1.053855e-08	5.514604e+01	3.253627e+02
4.230000e-06	6.641983e-09	1.056461e-08	5.524698e+01	3.259661e+02
4.240000e-06	6.653885e-09	1.058611e-08	5.534579e+01	3.265544e+02
4.250000e-06	6.665510e-09	1.060234e-08	5.544236e+01	3.271275e+02
4.260000e-06	6.676772e-09	1.061544e-08	5.553597e+01	3.276854e+02
4.270000e-06	6.687582e-09	1.062696e-08	5.562587e+01	3.282280e+02
4.280000e-06	6.697866e-09	1.063853e-08	5.571144e+01	3.287554e+02
4.290000e-06	6.707589e-09	1.065310e-08	5.579239e+01	3.292676e+02
4.300000e-06	6.716807e-09	1.067028e-08	5.586910e+01	3.297644e+02
4.310000e-06	6.725598e-09	1.069023e-08	5.594229e+01	3.302459e+02
4.320000e-06	6.734065e-09	1.071029e-08	5.601283e+01	3.307121e+02
4.330000e-06	6.742314e-09	1.072710e-08	5.608141e+01	3.311629e+02
4.340000e-06	6.750379e-09	1.073952e-08	5.614838e+01	3.315983e+02
4.350000e-06	6.758240e-09	1.074793e-08	5.621372e+01	3.320184e+02
4.360000e-06	6.765887e-09	1.075452e-08	5.627728e+01	3.324229e+02
4.370000e-06	6.773250e-09	1.076003e-08	5.633850e+01	3.328121e+02
4.380000e-06	6.780269e-09	1.076835e-08	5.639686e+01	3.331858e+02
4.390000e-06	6.786975e-09	1.078010e-08	5.645263e+01	3.335440e+02
4.400000e-06	6.793377e-09	1.079293e-08	5.650591e+01	3.338867e+02
4.410000e-06	6.799489e-09	1.080576e-08	5.655675e+01	3.342139e+02
4.420000e-06	6.805303e-09	1.081605e-08	5.660515e+01	3.345255e+02
4.430000e-06	6.810789e-09	1.082505e-08	5.665080e+01	3.348217e+02
4.440000e-06	6.815956e-09	1.083390e-08	5.669377e+01	3.351022e+02
4.450000e-06	6.820812e-09	1.084128e-08	5.673422e+01	3.353672e+02
4.460000e-06	6.825361e-09	1.084549e-08	5.677209e+01	3.356166e+02
4.470000e-06	6.829665e-09	1.084704e-08	5.680790e+01	3.358505e+02
4.480000e-06	6.833801e-09	1.084686e-08	5.684228e+01	3.360687e+02
4.490000e-06	6.837768e-09	1.084719e-08	5.687525e+01	3.362713e+02
4.500000e-06	6.841546e-09	1.085228e-08	5.690661e+01	3.364583e+02
4.510000e-06	6.845072e-09	1.085965e-08	5.693580e+01	3.366296e+02
4.520000e-06	6.848242e-09	1.086485e-08	5.696212e+01	3.367853e+02
4.530000e-06	6.850963e-09	1.087183e-08	5.698492e+01	3.369254e+02
4.540000e-06	6.853199e-09	1.088014e-08	5.700370e+01	3.370498e+02
4.550000e-06	6.854927e-09	1.088147e-08	5.701823e+01	3.371586e+02
4.560000e-06	6.856132e-09	1.087392e-08	5.702838e+01	3.372516e+02
4.570000e-06	6.856916e-09	1.086164e-08	5.703504e+01	3.373291e+02
4.580000e-06	6.857388e-09	1.085495e-08	5.703911e+01	3.373908e+02
4.590000e-06	6.857614e-09	1.085607e-08	5.704107e+01	3.374369e+02
4.600000e-06	6.857646e-09	1.086214e-08	5.704138e+01	3.374673e+02
4.610000e-06	6.857495e-09	1.087171e-08	5.704015e+01	3.374820e+02
4.620000e-06	6.857112e-09	1.087707e-08	5.703699e+01	3.374810e+02
4.630000e-06	6.856438e-09	1.087714e-08	5.703143e+01	3.374644e+02
4.640000e-06	6.855436e-09	1.086840e-08	5.702317e+01	3.374320e+02
4.650000e-06	6.854134e-09	1.084685e-08	5.701241e+01	3.373840e+02
4.660000e-06	6.852559e-09	1.081217e-08	5.699932e+01	3.373203e+02
4.670000e-06	6.850717e-09	1.078941e-08	5.698393e+01	3.372410e+02
4.680000e-06	6.848631e-09	1.085781e-08	5.696650e+01	3.371460e+02
4.690000e-06	6.846268e-09	1.100223e-08	5.694681e+01	3.370353e+02
4.700000e-06	6.843558e-09	1.097853e-08	5.692430e+01	3.369089e+02
4.710000e-06	6.840448e-09	1.068256e-08	5.689852e+01	3.367669e+02
4.720000e-06	6.836955e-09	1.060100e-08	5.686951e+01	3.366093e+02
4.730000e-06	6.833167e-09	1.099251e-08	5.683798e+01	3.364360e+02
4.740000e-06	6.829210e-09	1.122929e-08	5.680496e+01	3.362471e+02
4.750000e-06	6.825136e-09	1.085335e-08	5.677095e+01	3.360426e+02
4.760000e-06	6.820845e-09	1.053084e-08	5.673526e+01	3.358224e+02
4.770000e-06	6.816264e-09	1.089857e-08	5.669723e+01	3.355867e+02
4.780000e-06	6.811383e-09	1.121983e-08	5.665664e+01	3.353353e+02
4.790000e-06	6.806101e-09	1.085313e-08	5.661271e+01	3.350684e+02
4.800000e-06	6.800270e-09	1.056791e-08	5.656433e+01	3.347859e+02
4.810000e-06	6.793864e-09	1.090824e-08	5.651120e+01	3.344879e+02
4.820000e-06	6.786973e-09	1.107517e-08	5.645384e+01	3.341743e+02
4.830000e-06	6.779720e-09	1.071954e-08	5.639341e+01	3.338452e+02
4.840000e-06	6.772208e-09	1.065779e-08	5.633100e+01	3.335005e+02
4.850000e-06	6.764467e-09	1.098011e-08	5.626668e+01	3.331404e+02
4.860000e-06	6.756501e-09	1.088486e-08	5.620038e+01	3.327648e+02
4.870000e-06	6.748315e-09	1.062965e-08	5.613224e+01	3.323738e+02
4.880000e-06	6.739925e-09	1.090369e-08	5.606238e+01	3.319673e+02
4.890000e-06	6.731288e-09	1.109255e-08	5.599046e+01	3.315454e+02
4.900000e-06	6.722322e-09	1.081980e-08	5.591585e+01	3.311080e+02
4.910000e-06	6.713042e-09	1.081217e-08	5.583860e+01	3.306553e+02
4.920000e-06	6.703477e-09	1.102593e-08	5.575893e+01	3.301872e+02
4.930000e-06	6.693617e-09	1.080523e-08	5.567686e+01	3.297038e+02
4.940000e-06	6.683451e-09	1.064045e-08	5.559228e+01	3.292051e+02
4.950000e-06	6.672952e-09	1.092325e-08	5.550499e+01	3.286911e+02
4.960000e-06	6.662111e-09	1.091141e-08	5.541488e+01	3.281618e+02
4.970000e-06	6.650938e-09	1.072582e-08	5.532193e+01	3.276172e+02
4.980000e-06	6.639438e-09	1.093919e-08	5.522621e+01	3.270575e+02
4.990000e-06	6.627616e-09	1.098549e-08	5.512779e+01	3.264825e+02
5.000000e-06	6.615463e-09	1.081627e-08	5.502654e+01	3.258924e+02
5.010000e-06	6.602930e-09	1.097599e-08	5.492214e+01	3.252871e+02
5.020000e-06	6.589984e-09	1.094358e-08	5.481439e+01	3.246667e+02
5.030000e-06	6.576576e-09	1.070023e-08	5.470288e+01	3.240313e+02
5.040000e-06	6.562664e-09	1.085306e-08	5.458728e+01	3.233808e+02
5.050000e-06	6.548246e-09	1.090173e-08	5.446740e+01	3.227152e+02
5.060000e-06	6.533395e-09	1.070684e-08	5.434377e+01	3.220347e+02
5.070000e-06	6.518205e-09	1.072630e-08	5.421733e+01	3.213392e+02
5.080000e-06	6.502715e-09	1.071330e-08	5.408850e+01	3.206287e+02
5.090000e-06	6.486973e-09	1.070331e-08	5.395761e+01	3.199034e+02
5.100000e-06	6.471033e-09	1.073890e-08	5.382499e+01	3.191632e+02
5.110000e-06	6.454918e-09	1.059923e-08	5.369086e+01	3.184082e+02
5.120000e-06	6.438597e-09	1.063948e-08	5.355508e+01	3.176384e+02
5.130000e-06	6.422011e-09	1.072693e-08	5.341710e+01	3.168538e+02
5.140000e-06	6.405112e-09	1.052507e-08	5.327647e+01	3.160546e+02
5.150000e-06	6.387872e-09	1.051362e-08	5.313310e+01	3.152406e+02
5.160000e-06	6.370299e-09	1.065435e-08	5.298697e+01	3.144120e+02
5.170000e-06	6.352411e-09	1.048183e-08	5.283817e+01	3.135687e+02
5.180000e-06	6.334211e-09	1.036813e-08	5.268684e+01	3.127109e+02
5.190000e-06	6.315708e-09	1.049456e-08	5.253301e+01	3.118386e+02
5.200000e-06	6.296908e-09	1.044643e-08	5.237670e+01	3.109518e+02
5.210000e-06	6.277829e-09	1.030322e-08	5.221804e+01	3.100506e+02
5.220000e-06	6.258492e-09	1.033466e-08	5.205724e+01	3.091349e+02
5.230000e-06	6.238941e-09	1.034385e-08	5.189468e+01	3.082049e+02
5.240000e-06	6.219208e-09	1.024054e-08	5.173062e+01	3.072605e+02
5.250000e-06	6.199309e-09	1.022159e-08	5.156518e+01	3.063019e+02
5.260000e-06	6.179275e-09	1.022546e-08	5.139857e+01	3.053291e+02
5.270000e-06	6.159070e-09	1.014898e-08	5.123045e+01	3.043420e+02
5.280000e-06	6.138628e-09	1.011030e-08	5.106039e+01	3.033409e+02
5.290000e-06	6.117887e-09	1.011212e-08	5.088789e+01	3.023256e+02
5.300000e-06	6.096767e-09	1.006744e-08	5.071217e+01	3.012963e+02
5.310000e-06	6.075199e-09	1.001078e-08	5.053269e+01	3.002530e+02
5.320000e-06	6.053121e-09	9.978933e-09	5.034904e+01	2.991957e+02
5.330000e-06	6.030549e-09	9.964255e-09	5.016138e+01	2.981246e+02
5.340000e-06	6.007571e-09	9.926007e-09	4.997045e+01	2.970396e+02
5.350000e-06	5.984269e-09	9.853541e-09	4.977684e+01	2.959408e+02
5.360000e-06	5.960682e-09	9.824242e-09	4.958084e+01	2.948282e+02
5.370000e-06	5.936842e-09	9.813269e-09	4.938264e+01	2.937020e+02
5.380000e-06	5.912813e-09	9.767744e-09	4.918275e+01	2.925621e+02
5.390000e-06	5.888587e-09	9.734689e-09	4.898126e+01	2.914086e+02
5.400000e-06	5.864144e-09	9.704525e-09	4.877803e+01	2.902415e+02
5.410000e-06	5.839489e-09	9.647302e-09	4.857296e+01	2.890610e+02
5.420000e-06	5.814595e-09	9.595744e-09	4.836591e+01	2.878671e+02
5.430000e-06	5.789444e-09	9.560797e-09	4.815675e+01	2.866598e+02
5.440000e-06	5.764011e-09	9.508081e-09	4.794528e+01	2.854391e+02
5.450000e-06	5.738317e-09	9.458471e-09	4.773162e+01	2.842053e+02
5.460000e-06	5.712372e-09	9.441995e-09	4.751591e+01	2.829582e+02
5.470000e-06	5.686173e-09	9.409432e-09	4.729810e+01	2.816979e+02
5.480000e-06	5.659721e-09	9.354301e-09	4.707811e+01	2.804246e+02
5.490000e-06	5.633006e-09	9.314183e-09	4.685587e+01	2.791382e+02
5.500000e-06	5.606036e-09	9.271544e-09	4.663152e+01	2.778389e+02
5.510000e-06	5.578830e-09	9.212420e-09	4.640521e+01	2.765267e+02
5.520000e-06	5.551420e-09	9.163569e-09	4.617714e+01	2.752016e+02
5.530000e-06	5.523815e-09	9.123180e-09	4.594750e+01	2.738637e+02
5.540000e-06	5.496020e-09	9.074216e-09	4.571638e+01	2.725132e+02
5.550000e-06	5.468029e-09	9.032827e-09	4.548371e+01	2.711499e+02
5.560000e-06	5.439839e-09	9.001184e-09	4.524940e+01	2.697741e+02
5.570000e-06	5.411435e-09	8.953972e-09	4.501324e+01	2.683857e+02
5.580000e-06	5.382778e-09	8.892647e-09	4.477495e+01	2.669849e+02
5.590000e-06	5.353814e-09	8.840137e-09	4.453414e+01	2.655716e+02
5.600000e-06	5.324493e-09	8.788336e-09	4.429034e+01	2.641460e+02
5.610000e-06	5.294801e-09	8.730808e-09	4.404336e+01	2.627082e+02
5.620000e-06	5.264726e-09	8.681864e-09	4.379318e+01	2.612581e+02
5.630000e-06	5.234296e-09	8.637501e-09	4.354006e+01	2.597959e+02
5.640000e-06	5.203520e-09	8.592077e-09	4.328406e+01	2.583217e+02
5.650000e-06	5.172419e-09	8.547226e-09	4.302539e+01	2.568354e+02
5.660000e-06	5.141080e-09	8.499663e-09	4.276473e+01	2.553372e+02
5.670000e-06	5.109522e-09	8.443708e-09	4.250224e+01	2.538272e+02
5.680000e-06	5.077744e-09	8.386719e-09	4.223794e+01	2.523053e+02
5.690000e-06	5.045771e-09	8.333855e-09	4.197203e+01	2.507718e+02
5.700000e-06	5.013628e-09	8.277998e-09	4.170464e+01	2.492265e+02
5.710000e-06	4.981314e-09	8.225076e-09	4.143578e+01	2.476697e+02
5.720000e-06	4.948828e-09	8.177028e-09	4.116552e+01	2.461014e+02
5.730000e-06	4.916156e-09	8.125522e-09	4.089365e+01	2.445217e+02
5.740000e-06	4.883246e-09	8.066985e-09	4.061982e+01	2.429306e+02
5.750000e-06	4.850097e-09	8.007982e-09	4.034403e+01	2.413283e+02
5.760000e-06	4.816733e-09	7.951987e-09	4.006643e+01	2.397147e+02
5.770000e-06	4.783157e-09	7.895438e-09	3.978702e+01	2.380899e+02
5.780000e-06	4.749346e-09	7.841588e-09	3.950570e+01	2.364542e+02
5.790000e-06	4.715299e-09	7.788668e-09	3.922248e+01	2.348074e+02
5.800000e-06	4.681024e-09	7.731407e-09	3.893740e+01	2.331497e+02
5.810000e-06	4.646516e-09	7.671713e-09	3.865030e+01	2.314812e+02
5.820000e-06	4.611805e-09	7.616212e-09	3.836148e+01	2.298020e+02
5.830000e-06	4.576917e-09	7.561904e-09	3.807127e+01	2.281121e+02
5.840000e-06	4.541844e-09	7.500416e-09	3.777946e+01	2.264115e+02
5.850000e-06	4.506589e-09	7.435726e-09	3.748610e+01	2.247005e+02
5.860000e-06	4.471151e-09	7.376312e-09	3.719123e+01	2.229790e+02
5.870000e-06	4.435548e-09	7.321253e-09	3.689501e+01	2.212472e+02
5.880000e-06	4.399804e-09	7.261836e-09	3.659771e+01	2.195051e+02
5.890000e-06	4.363926e-09	7.199457e-09	3.629928e+01	2.177527e+02
5.900000e-06	4.327902e-09	7.140210e-09	3.599957e+01	2.159903e+02
5.910000e-06	4.291718e-09	7.082281e-09	3.569859e+01	2.142179e+02
5.920000e-06	4.255369e-09	7.023480e-09	3.539632e+01	2.124355e+02
5.930000e-06	4.218826e-09	6.960486e-09	3.509245e+01	2.106432e+02
5.940000e-06	4.182067e-09	6.892210e-09	3.478674e+01	2.088411e+02
5.950000e-06	4.145091e-09	6.824921e-09	3.447915e+01	2.070294e+02
5.960000e-06	4.107873e-09	6.765466e-09	3.416946e+01	2.052080e+02
5.970000e-06	4.070392e-09	6.708637e-09	3.385747e+01	2.033771e+02
5.980000e-06	4.032632e-09	6.648296e-09	3.354315e+01	2.015367e+02
5.990000e-06	3.994575e-09	6.588801e-09	3.322636e+01	1.996870e+02
6.000000e-06	3.956226e-09	6.528535e-09	3.290717e+01	1.978280e+02
6.010000e-06	3.917603e-09	6.462703e-09	3.258568e+01	1.959599e+02
6.020000e-06	3.878714e-09	6.392012e-09	3.226211e+01	1.940826e+02
6.030000e-06	3.839577e-09	6.319710e-09	3.193662e+01	1.921963e+02
6.040000e-06	3.800242e-09	6.250751e-09	3.160945e+01	1.903011e+02
6.050000e-06	3.760751e-09	6.189489e-09	3.128088e+01	1.883970e+02
6.060000e-06	3.721094e-09	6.132637e-09	3.095095e+01	1.864842e+02
6.070000e-06	3.681283e-09	6.073080e-09	3.061987e+01	1.845628e+02
6.080000e-06	3.641341e-09	6.012496e-09	3.028776e+01	1.826327e+02
6.090000e-06	3.601273e-09	5.952056e-09	2.995451e+01	1.806942e+02
6.100000e-06	3.561077e-09	5.886778e-09	2.962022e+01	1.787473e+02
6.110000e-06	3.520763e-09	5.816745e-09	2.928492e+01	1.767921e+02
6.120000e-06	3.480350e-09	5.743884e-09	2.894878e+01	1.748286e+02
6.130000e-06	3.439828e-09	5.669902e-09	2.861175e+01	1.728571e+02
6.140000e-06	3.399183e-09	5.599093e-09	2.827369e+01	1.708775e+02
6.150000e-06	3.358405e-09	5.531323e-09	2.793451e+01	1.688900e+02
6.160000e-06	3.317474e-09	5.464667e-09	2.759399e+01	1.668947e+02
6.170000e-06	3.276405e-09	5.403283e-09	2.725229e+01	1.648916e+02
6.180000e-06	3.235198e-09	5.351420e-09	2.690947e+01	1.628808e+02
6.190000e-06	3.193825e-09	5.300732e-09	2.656534e+01	1.608625e+02
6.200000e-06	3.152285e-09	5.238380e-09	2.621982e+01	1.588367e+02
6.210000e-06	3.110594e-09	5.162490e-09	2.587298e+01	1.568035e+02
6.220000e-06	3.068753e-09	5.078231e-09	2.552488e+01	1.547631e+02
6.230000e-06	3.026761e-09	4.994292e-09	2.517551e+01	1.527154e+02
6.240000e-06	2.984637e-09	4.914813e-09	2.482503e+01	1.506607e+02
6.250000e-06	2.942387e-09	4.844215e-09	2.447350e+01	1.485990e+02
6.260000e-06	2.899998e-09	4.787696e-09	2.412084e+01	1.465304e+02
6.270000e-06	2.857462e-09	4.738622e-09	2.376699e+01	1.444549e+02
6.280000e-06	2.814814e-09	4.685516e-09	2.341224e+01	1.423728e+02
6.290000e-06	2.772060e-09	4.617723e-09	2.305664e+01	1.402840e+02
6.300000e-06	2.729205e-09	4.537166e-09	2.270011e+01	1.381888e+02
6.310000e-06	2.686261e-09	4.453907e-09	2.234281e+01	1.360871e+02
6.320000e-06	2.643226e-09	4.373211e-09	2.198473e+01	1.339791e+02
6.330000e-06	2.600081e-09	4.296780e-09	2.162576e+01	1.318649e+02
6.340000e-06	2.556830e-09	4.226071e-09	2.126593e+01	1.297445e+02
6.350000e-06	2.513501e-09	4.163540e-09	2.090546e+01	1.276182e+02
6.360000e-06	2.470077e-09	4.103903e-09	2.054419e+01	1.254859e+02
6.370000e-06	2.426542e-09	4.041296e-09	2.018212e+01	1.233478e+02
6.380000e-06	2.382899e-09	3.971532e-09	1.981926e+01	1.212039e+02
6.390000e-06	2.339173e-09	3.892492e-09	1.945569e+01	1.190545e+02
6.400000e-06	2.295372e-09	3.810399e-09	1.909135e+01	1.168995e+02
6.410000e-06	2.251482e-09	3.732516e-09	1.872618e+01	1.147391e+02
6.420000e-06	2.207500e-09	3.659166e-09	1.836031e+01	1.125733e+02
6.430000e-06	2.163424e-09	3.584399e-09	1.799369e+01	1.104024e+02
6.440000e-06	2.119263e-09	3.508864e-09	1.762634e+01	1.082263e+02
6.450000e-06	2.075021e-09	3.439856e-09	1.725837e+01	1.060451e+02
6.460000e-06	2.030705e-09	3.376598e-09	1.688979e+01	1.038591e+02
6.470000e-06	1.986322e-09	3.308578e-09	1.652069e+01	1.016682e+02
6.480000e-06	1.941885e-09	3.234150e-09	1.615111e+01	9.947265e+01
6.490000e-06	1.897377e-09	3.159761e-09	1.578080e+01	9.727245e+01
6.500000e-06	1.852783e-09	3.085256e-09	1.540979e+01	9.506774e+01
6.510000e-06	1.808118e-09	3.008315e-09	1.503823e+01	9.285862e+01
6.520000e-06	1.763385e-09	2.927789e-09	1.466606e+01	9.064518e+01
6.530000e-06	1.718600e-09	2.847526e-09	1.429341e+01	8.842755e+01
6.540000e-06	1.673752e-09	2.772545e-09	1.392027e+01	8.620580e+01
6.550000e-06	1.628819e-09	2.702500e-09	1.354642e+01	8.398006e+01
6.560000e-06	1.583804e-09	2.633765e-09	1.317195e+01	8.175042e+01
6.570000e-06	1.538748e-09	2.563005e-09	1.279721e+01	7.951699e+01
6.580000e-06	1.493655e-09	2.492646e-09	1.242214e+01	7.727987e+01
6.590000e-06	1.448483e-09	2.421436e-09	1.204632e+01	7.503916e+01
6.600000e-06	1.403217e-09	2.344680e-09	1.166973e+01	7.279497e+01
6.610000e-06	1.357873e-09	2.261829e-09	1.129245e+01	7.054741e+01
6.620000e-06	1.312469e-09	2.178071e-09	1.091464e+01	6.829657e+01
6.630000e-06	1.267000e-09	2.099651e-09	1.053636e+01	6.604257e+01
6.640000e-06	1.221468e-09	2.026365e-09	1.015762e+01	6.378550e+01
6.650000e-06	1.175872e-09	1.957507e-09	9.778312e+00	6.152548e+01
6.660000e-06	1.130223e-09	1.889672e-09	9.398465e+00	5.926260e+01
6.670000e-06	1.084504e-09	1.818900e-09	9.018081e+00	5.699698e+01
6.680000e-06	1.038735e-09	1.744948e-09	8.637226e+00	5.472871e+01
6.690000e-06	9.929400e-10	1.667430e-09	8.256149e+00	5.245791e+01
6.700000e-06	9.471003e-10	1.586857e-09	7.874813e+00	5.018467e+01
6.710000e-06	9.012338e-10	1.504922e-09	7.493155e+00	4.790911e+01
6.720000e-06	8.553269e-10	1.426369e-09	7.111152e+00	4.563133e+01
6.730000e-06	8.093836e-10	1.353243e-09	6.728936e+00	4.335144e+01
6.740000e-06	7.634242e-10	1.281150e-09	6.346538e+00	4.106953e+01
6.750000e-06	7.174387e-10	1.207642e-09	5.963875e+00	3.878573e+01
6.760000e-06	6.713953e-10	1.133856e-09	5.580745e+00	3.650013e+01
6.770000e-06	6.253137e-10	1.061346e-09	5.197365e+00	3.421284e+01
6.780000e-06	5.792105e-10	9.901499e-10	4.813831e+00	3.192396e+01
6.790000e-06	5.330738e-10	9.165637e-10	4.430052e+00	2.963361e+01
6.800000e-06	4.869261e-10	8.387372e-10	4.046176e+00	2.734189e+01
6.810000e-06	4.407673e-10	7.600334e-10	3.662181e+00	2.504891e+01
6.820000e-06	3.945953e-10	6.836364e-10	3.278082e+00	2.275477e+01
6.830000e-06	3.483793e-10	6.083964e-10	2.893631e+00	2.045957e+01
6.840000e-06	3.021343e-10	5.318638e-10	2.508937e+00	1.816344e+01
6.850000e-06	2.558917e-10	4.573752e-10	2.124272e+00	1.586646e+01
6.860000e-06	2.096395e-10	3.880903e-10	1.739554e+00	1.356876e+01
6.870000e-06	1.633799e-10	3.195474e-10	1.354756e+00	1.127043e+01
6.880000e-06	1.170947e-10	2.453445e-10	9.697716e-01	8.971587e+00
6.890000e-06	7.081541e-11	1.647028e-10	5.847603e-01	6.672332e+00
6.900000e-06	2.455537e-11	8.477226e-11	1.998603e-01	4.372774e+00
6.910000e-06	-2.171760e-11	1.054743e-11	-1.850163e-01	2.073019e+00
6.920000e-06	-6.798210e-11	-6.309560e-11	-5.697670e-01	-2.268242e-01
6.930000e-06	-1.142308e-10	-1.406270e-10	-9.543134e-01	-2.526650e+00
6.940000e-06	-1.604414e-10	-2.190988e-10	-1.338574e+00	-4.826352e+00
6.950000e-06	-2.066276e-10	-2.935127e-10	-1.722724e+00	-7.125822e+00
6.960000e-06	-2.528092e-10	-3.659086e-10	-2.106855e+00	-9.424954e+00
6.970000e-06	-2.989755e-10	-4.419368e-10	-2.490986e+00	-1.172364e+01
6.980000e-06	-3.451227e-10	-5.191847e-10	-2.875022e+00	-1.402178e+01
6.990000e-06	-3.912629e-10	-5.927079e-10	-3.258909e+00	-1.631925e+01
7.000000e-06	-4.374116e-10	-6.634976e-10	-3.642770e+00	-1.861596e+01
7.010000e-06	-4.835289e-10	-7.385375e-10	-4.026361e+00	-2.091180e+01
7.020000e-06	-5.296071e-10	-8.201482e-10	-4.409645e+00	-2.320666e+01
7.030000e-06	-5.756508e-10	-9.016224e-10	-4.792678e+00	-2.550043e+01
7.040000e-06	-6.216464e-10	-9.780090e-10	-5.175348e+00	-2.779302e+01
7.050000e-06	-6.676350e-10	-1.050910e-09	-5.557850e+00	-3.008430e+01
7.060000e-06	-7.136181e-10	-1.124201e-09	-5.940301e+00	-3.237418e+01
7.070000e-06	-7.595596e-10	-1.197654e-09	-6.322534e+00	-3.466254e+01
7.080000e-06	-8.054610e-10	-1.271416e-09	-6.704484e+00	-3.694929e+01
7.090000e-06	-8.513251e-10	-1.347003e-09	-7.086027e+00	-3.923431e+01
7.100000e-06	-8.971510e-10	-1.424262e-09	-7.467179e+00	-4.151750e+01
7.110000e-06	-9.429050e-10	-1.502400e-09	-7.847837e+00	-4.379876e+01
7.120000e-06	-9.886050e-10	-1.578845e-09	-8.228061e+00	-4.607797e+01
7.130000e-06	-1.034258e-09	-1.653495e-09	-8.607872e+00	-4.835503e+01
7.140000e-06	-1.079853e-09	-1.726629e-09	-8.987134e+00	-5.062984e+01
7.150000e-06	-1.125388e-09	-1.799582e-09	-9.365860e+00	-5.290229e+01
7.160000e-06	-1.170872e-09	-1.874199e-09	-9.744162e+00	-5.517227e+01
7.170000e-06	-1.216309e-09	-1.950168e-09	-1.012202e+01	-5.743969e+01
7.180000e-06	-1.261678e-09	-2.026924e-09	-1.049939e+01	-5.970442e+01
7.190000e-06	-1.306985e-09	-2.102513e-09	-1.087638e+01	-6.196637e+01
7.200000e-06	-1.352237e-09	-2.177625e-09	-1.125290e+01	-6.422544e+01
7.210000e-06	-1.397437e-09	-2.253398e-09	-1.162891e+01	-6.648151e+01
7.220000e-06	-1.442579e-09	-2.329576e-09	-1.200435e+01	-6.873448e+01
7.230000e-06	-1.487664e-09	-2.404738e-09	-1.237939e+01	-7.098426e+01
7.240000e-06	-1.532699e-09	-2.477388e-09	-1.275412e+01	-7.323072e+01
7.250000e-06	-1.577673e-09	-2.550218e-09	-1.312824e+01	-7.547378e+01
7.260000e-06	-1.622558e-09	-2.624159e-09	-1.350155e+01	-7.771332e+01
7.270000e-06	-1.667364e-09	-2.698374e-09	-1.387424e+01	-7.994924e+01
7.280000e-06	-1.712113e-09	-2.772032e-09	-1.424641e+01	-8.218144e+01
7.290000e-06	-1.756804e-09	-2.844083e-09	-1.461811e+01	-8.440981e+01
7.300000e-06	-1.801431e-09	-2.914510e-09	-1.498930e+01	-8.663425e+01
7.310000e-06	-1.845978e-09	-2.984869e-09	-1.535978e+01	-8.885466e+01
7.320000e-06	-1.890449e-09	-3.057794e-09	-1.572964e+01	-9.107093e+01
7.330000e-06	-1.934846e-09	-3.131723e-09	-1.609883e+01	-9.328296e+01
7.340000e-06	-1.979173e-09	-3.206802e-09	-1.646739e+01	-9.549065e+01
7.350000e-06	-2.023420e-09	-3.282651e-09	-1.683536e+01	-9.769389e+01
7.360000e-06	-2.067576e-09	-3.354727e-09	-1.720263e+01	-9.989258e+01
7.370000e-06	-2.111662e-09	-3.422131e-09	-1.756932e+01	-1.020866e+02
7.380000e-06	-2.155686e-09	-3.487827e-09	-1.793545e+01	-1.042759e+02
7.390000e-06	-2.199629e-09	-3.555096e-09	-1.830091e+01	-1.064604e+02
7.400000e-06	-2.243476e-09	-3.623483e-09	-1.866556e+01	-1.086398e+02
7.410000e-06	-2.287245e-09	-3.692209e-09	-1.902958e+01	-1.108143e+02
7.420000e-06	-2.330939e-09	-3.764614e-09	-1.939309e+01	-1.129835e+02
7.430000e-06	-2.374536e-09	-3.842430e-09	-1.975583e+01	-1.151475e+02
7.440000e-06	-2.418043e-09	-3.920077e-09	-2.011777e+01	-1.173062e+02
7.450000e-06	-2.461469e-09	-3.991573e-09	-2.047904e+01	-1.194594e+02
7.460000e-06	-2.504812e-09	-4.058778e-09	-2.083960e+01	-1.216070e+02
7.470000e-06	-2.548063e-09	-4.125313e-09	-2.119934e+01	-1.237490e+02
7.480000e-06	-2.591214e-09	-4.191674e-09	-2.155833e+01	-1.258852e+02
7.490000e-06	-2.634265e-09	-4.256600e-09	-2.191647e+01	-1.280155e+02
7.500000e-06	-2.677211e-09	-4.321092e-09	-2.227365e+01	-1.301399e+02
7.510000e-06	-2.720064e-09	-4.390086e-09	-2.263001e+01	-1.322583e+02
7.520000e-06	-2.762817e-09	-4.464338e-09	-2.298553e+01	-1.343705e+02
7.530000e-06	-2.805435e-09	-4.539042e-09	-2.333999e+01	-1.364764e+02
7.540000e-06	-2.847910e-09	-4.610534e-09	-2.369331e+01	-1.385760e+02
7.550000e-06	-2.890259e-09	-4.679769e-09	-2.404566e+01	-1.406691e+02
7.560000e-06	-2.932483e-09	-4.749547e-09	-2.439698e+01	-1.427557e+02
7.570000e-06	-2.974563e-09	-4.817297e-09	-2.474704e+01	-1.448356e+02
7.580000e-06	-3.016491e-09	-4.878402e-09	-2.509580e+01	-1.469088e+02
7.590000e-06	-3.058280e-09	-4.936343e-09	-2.544333e+01	-1.489752e+02
7.600000e-06	-3.099926e-09	-5.000407e-09	-2.578959e+01	-1.510347e+02
7.610000e-06	-3.141410e-09	-5.071282e-09	-2.613461e+01	-1.530871e+02
7.620000e-06	-3.182739e-09	-5.142833e-09	-2.647845e+01	-1.551324e+02
7.630000e-06	-3.223939e-09	-5.213922e-09	-2.682112e+01	-1.571704e+02
7.640000e-06	-3.265012e-09	-5.285607e-09	-2.716270e+01	-1.592012e+02
7.650000e-06	-3.305945e-09	-5.355609e-09	-2.750312e+01	-1.612245e+02
7.660000e-06	-3.346761e-09	-5.421023e-09	-2.784257e+01	-1.632404e+02
7.670000e-06	-3.387448e-09	-5.480226e-09	-2.818094e+01	-1.652486e+02
7.680000e-06	-3.427980e-09	-5.536386e-09	-2.851806e+01	-1.672492e+02
7.690000e-06	-3.468401e-09	-5.597023e-09	-2.885424e+01	-1.692420e+02
7.700000e-06	-3.508713e-09	-5.663017e-09	-2.918947e+01	-1.712269e+02
7.710000e-06	-3.548886e-09	-5.731644e-09	-2.952358e+01	-1.732039e+02
7.720000e-06	-3.588928e-09	-5.800782e-09	-2.985662e+01	-1.751727e+02
7.730000e-06	-3.628846e-09	-5.868326e-09	-3.018871e+01	-1.771335e+02
7.740000e-06	-3.668637e-09	-5.934684e-09	-3.051980e+01	-1.790860e+02
7.750000e-06	-3.708286e-09	-5.998906e-09	-3.084966e+01	-1.810301e+02
7.760000e-06	-3.747790e-09	-6.060305e-09	-3.117825e+01	-1.829659e+02
7.770000e-06	-3.787124e-09	-6.120823e-09	-3.150542e+01	-1.848931e+02
7.780000e-06	-3.826274e-09	-6.180736e-09	-3.183107e+01	-1.868118e+02
7.790000e-06	-3.865238e-09	-6.240682e-09	-3.215513e+01	-1.887217e+02
7.800000e-06	-3.903983e-09	-6.303105e-09	-3.247733e+01	-1.906229e+02
7.810000e-06	-3.942465e-09	-6.367446e-09	-3.279735e+01	-1.925152e+02
7.820000e-06	-3.980653e-09	-6.431509e-09	-3.311506e+01	-1.943985e+02
7.830000e-06	-4.018558e-09	-6.496676e-09	-3.343053e+01	-1.962728e+02
7.840000e-06	-4.056192e-09	-6.563347e-09	-3.374372e+01	-1.981380e+02
7.850000e-06	-4.093566e-09	-6.627148e-09	-3.405467e+01	-1.999939e+02
7.860000e-06	-4.130686e-09	-6.685674e-09	-3.436347e+01	-2.018406e+02
7.870000e-06	-4.167542e-09	-6.743304e-09	-3.467013e+01	-2.036778e+02
7.880000e-06	-4.204177e-09	-6.802959e-09	-3.497483e+01	-2.055056e+02
7.890000e-06	-4.240623e-09	-6.862236e-09	-3.527786e+01	-2.073238e+02
7.900000e-06	-4.276881e-09	-6.920303e-09	-3.557943e+01	-2.091324e+02
7.910000e-06	-4.312981e-09	-6.977724e-09	-3.587969e+01	-2.109313e+02
7.920000e-06	-4.348942e-09	-7.036012e-09	-3.617875e+01	-2.127203e+02
7.930000e-06	-4.384757e-09	-7.096757e-09	-3.647669e+01	-2.144995e+02
7.940000e-06	-4.420418e-09	-7.157770e-09	-3.677334e+01	-2.162687e+02
7.950000e-06	-4.455907e-09	-7.215451e-09	-3.706848e+01	-2.180278e+02
7.960000e-06	-4.491220e-09	-7.271210e-09	-3.736222e+01	-2.197767e+02
7.970000e-06	-4.526348e-09	-7.328202e-09	-3.765447e+01	-2.215155e+02
7.980000e-06	-4.561280e-09	-7.384405e-09	-3.794504e+01	-2.232439e+02
7.990000e-06	-4.596023e-09	-7.436700e-09	-3.823400e+01	-2.249620e+02
8.000000e-06	-4.630574e-09	-7.486915e-09	-3.852136e+01	-2.266696e+02
8.010000e-06	-4.664904e-09	-7.540093e-09	-3.880688e+01	-2.283666e+02
8.020000e-06	-4.698988e-09	-7.595903e-09	-3.909037e+01	-2.300531e+02
8.030000e-06	-4.732861e-09	-7.648693e-09	-3.937201e+01	-2.317288e+02
8.040000e-06	-4.766534e-09	-7.699273e-09	-3.965200e+01	-2.333938e+02
8.050000e-06	-4.799971e-09	-7.753232e-09	-3.993014e+01	-2.350479e+02
8.060000e-06	-4.833181e-09	-7.811532e-09	-4.020637e+01	-2.366910e+02
8.070000e-06	-4.866177e-09	-7.870786e-09	-4.048081e+01	-2.383232e+02
8.080000e-06	-4.898928e-09	-7.926268e-09	-4.075323e+01	-2.399442e+02
8.090000e-06	-4.931472e-09	-7.975381e-09	-4.102391e+01	-2.415542e+02
8.100000e-06	-4.963848e-09	-8.019647e-09	-4.129318e+01	-2.431528e+02
8.110000e-06	-4.996053e-09	-8.063226e-09	-4.156095e+01	-2.447402e+02
8.120000e-06	-5.028087e-09	-8.107219e-09	-4.182727e+01	-2.463162e+02
8.130000e-06	-5.059948e-09	-8.153653e-09	-4.209223e+01	-2.478807e+02
8.140000e-06	-5.091623e-09	-8.206307e-09	-4.235562e+01	-2.494337e+02
8.150000e-06	-5.123070e-09	-8.263937e-09	-4.261707e+01	-2.509751e+02
8.160000e-06	-5.154251e-09	-8.321486e-09	-4.287632e+01	-2.525048e+02
8.170000e-06	-5.185149e-09	-8.372285e-09	-4.313325e+01	-2.540228e+02
8.180000e-06	-5.215720e-09	-8.416029e-09	-4.338750e+01	-2.555290e+02
8.190000e-06	-5.245926e-09	-8.458069e-09	-4.363874e+01	-2.570233e+02
8.200000e-06	-5.275742e-09	-8.499309e-09	-4.388674e+01	-2.585056e+02
8.210000e-06	-5.305141e-09	-8.540210e-09	-4.413135e+01	-2.599759e+02
8.220000e-06	-5.334190e-09	-8.586200e-09	-4.437299e+01	-2.614341e+02
8.230000e-06	-5.362959e-09	-8.638123e-09	-4.461221e+01	-2.628802e+02
8.240000e-06	-5.391471e-09	-8.691669e-09	-4.484927e+01	-2.643140e+02
8.250000e-06	-5.419757e-09	-8.743753e-09	-4.508442e+01	-2.657356e+02
8.260000e-06	-5.447854e-09	-8.791721e-09	-4.531812e+01	-2.671447e+02
8.270000e-06	-5.475789e-09	-8.835539e-09	-4.555049e+01	-2.685415e+02
8.280000e-06	-5.503571e-09	-8.875031e-09	-4.578149e+01	-2.699258e+02
8.290000e-06	-5.531177e-09	-8.912046e-09	-4.601103e+01	-2.712975e+02
8.300000e-06	-5.558565e-09	-8.952059e-09	-4.623885e+01	-2.726566e+02
8.310000e-06	-5.585703e-09	-8.996019e-09	-4.646459e+01	-2.740030e+02
8.320000e-06	-5.612578e-09	-9.042106e-09	-4.668814e+01	-2.753367e+02
8.330000e-06	-5.639188e-09	-9.087495e-09	-4.690950e+01	-2.766575e+02
8.340000e-06	-5.665550e-09	-9.130920e-09	-4.712874e+01	-2.779655e+02
8.350000e-06	-5.691657e-09	-9.174605e-09	-4.734578e+01	-2.792606e+02
8.360000e-06	-5.717489e-09	-9.218609e-09	-4.756052e+01	-2.805427e+02
8.370000e-06	-5.743037e-09	-9.258938e-09	-4.777297e+01	-2.818117e+02
8.380000e-06	-5.768296e-09	-9.294822e-09	-4.798307e+01	-2.830677e+02
8.390000e-06	-5.793279e-09	-9.330526e-09	-4.819080e+01	-2.843104e+02
8.400000e-06	-5.817991e-09	-9.367921e-09	-4.839631e+01	-2.855400e+02
8.410000e-06	-5.842446e-09	-9.405797e-09	-4.859985e+01	-2.867562e+02
8.420000e-06	-5.866705e-09	-9.444311e-09	-4.880167e+01	-2.879592e+02
8.430000e-06	-5.890799e-09	-9.484800e-09	-4.900207e+01	-2.891487e+02
8.440000e-06	-5.914747e-09	-9.526019e-09	-4.920127e+01	-2.903248e+02
8.450000e-06	-5.938533e-09	-9.566028e-09	-4.939911e+01	-2.914874e+02
8.460000e-06	-5.962118e-09	-9.603593e-09	-4.959523e+01	-2.926364e+02
8.470000e-06	-5.985416e-09	-9.639320e-09	-4.978890e+01	-2.937718e+02
8.480000e-06	-6.008359e-09	-9.673559e-09	-4.997964e+01	-2.948936e+02
8.490000e-06	-6.030935e-09	-9.706007e-09	-5.016729e+01	-2.960016e+02
8.500000e-06	-6.053090e-09	-9.739035e-09	-5.035148e+01	-2.970959e+02
8.510000e-06	-6.074791e-09	-9.774596e-09	-5.053200e+01	-2.981764e+02
8.520000e-06	-6.096064e-09	-9.811574e-09	-5.070900e+01	-2.992430e+02
8.530000e-06	-6.116943e-09	-9.847601e-09	-5.088271e+01	-3.002957e+02
8.540000e-06	-6.137473e-09	-9.883583e-09	-5.105351e+01	-3.013344e+02
8.550000e-06	-6.157752e-09	-9.919825e-09	-5.122219e+01	-3.023591e+02
8.560000e-06	-6.177853e-09	-9.953554e-09	-5.138936e+01	-3.033697e+02
8.570000e-06	-6.197773e-09	-9.984739e-09	-5.155504e+01	-3.043663e+02
8.580000e-06	-6.217503e-09	-1.001462e-08	-5.171912e+01	-3.053487e+02
8.590000e-06	-6.237028e-09	-1.004271e-08	-5.188145e+01	-3.063168e+02
8.600000e-06	-6.256293e-09	-1.006895e-08	-5.204168e+01	-3.072708e+02
8.610000e-06	-6.275257e-09	-1.009625e-08	-5.219951e+01	-3.082104e+02
8.620000e-06	-6.293918e-09	-1.012511e-08	-5.235484e+01	-3.091357e+02
8.630000e-06	-6.312298e-09	-1.015572e-08	-5.250768e+01	-3.100467e+02
8.640000e-06	-6.330417e-09	-1.018910e-08	-5.265826e+01	-3.109432e+02
8.650000e-06	-6.348295e-09	-1.022180e-08	-5.280685e+01	-3.118252e+02
8.660000e-06	-6.365924e-09	-1.024999e-08	-5.295337e+01	-3.126928e+02
8.670000e-06	-6.383260e-09	-1.027484e-08	-5.309746e+01	-3.135458e+02
8.680000e-06	-6.400287e-09	-1.030070e-08	-5.323902e+01	-3.143842e+02
8.690000e-06	-6.417015e-09	-1.032587e-08	-5.337817e+01	-3.152081e+02
8.700000e-06	-6.433456e-09	-1.034846e-08	-5.351495e+01	-3.160172e+02
8.710000e-06	-6.449671e-09	-1.036979e-08	-5.364981e+01	-3.168117e+02
8.720000e-06	-6.465720e-09	-1.039352e-08	-5.378324e+01	-3.175914e+02
8.730000e-06	-6.481593e-09	-1.042139e-08	-5.391521e+01	-3.183563e+02
8.740000e-06	-6.497248e-09	-1.044732e-08	-5.404537e+01	-3.191065e+02
8.750000e-06	-6.512591e-09	-1.046974e-08	-5.417286e+01	-3.198418e+02
8.760000e-06	-6.527514e-09	-1.049200e-08	-5.429681e+01	-3.205623e+02
8.770000e-06	-6.541952e-09	-1.051641e-08	-5.441684e+01	-3.212678e+02
8.780000e-06	-6.555871e-09	-1.053841e-08	-5.453265e+01	-3.219584e+02
8.790000e-06	-6.569277e-09	-1.055477e-08	-5.464409e+01	-3.226340e+02
8.800000e-06	-6.582233e-09	-1.057092e-08	-5.475185e+01	-3.232946e+02
8.810000e-06	-6.594821e-09	-1.059068e-08	-5.485662e+01	-3.239402e+02
8.820000e-06	-6.607089e-09	-1.061332e-08	-5.495863e+01	-3.245707e+02
8.830000e-06	-6.619070e-09	-1.063340e-08	-5.505826e+01	-3.251861e+02
8.840000e-06	-6.630779e-09	-1.065146e-08	-5.515557e+01	-3.257864e+02
8.850000e-06	-6.642186e-09	-1.067000e-08	-5.525039e+01	-3.263716e+02
8.860000e-06	-6.653262e-09	-1.069001e-08	-5.534250e+01	-3.269416e+02
8.870000e-06	-6.664007e-09	-1.070960e-08	-5.543195e+01	-3.274963e+02
8.880000e-06	-6.674444e-09	-1.072597e-08	-5.551883e+01	-3.280359e+02
8.890000e-06	-6.684612e-09	-1.074340e-08	-5.560343e+01	-3.285602e+02
8.900000e-06	-6.694526e-09	-1.076055e-08	-5.568585e+01	-3.290692e+02
8.910000e-06	-6.704169e-09	-1.077523e-08	-5.576594e+01	-3.295629e+02
8.920000e-06	-6.713508e-09	-1.078601e-08	-5.584362e+01	-3.300412e+02
8.930000e-06	-6.722497e-09	-1.079682e-08	-5.591849e+01	-3.305043e+02
8.940000e-06	-6.731154e-09	-1.081414e-08	-5.599053e+01	-3.309519e+02
8.950000e-06	-6.739544e-09	-1.083330e-08	-5.606030e+01	-3.313842e+02
8.960000e-06	-6.747719e-09	-1.085174e-08	-5.612824e+01	-3.318011e+02
8.970000e-06	-6.755715e-09	-1.086585e-08	-5.619475e+01	-3.322025e+02
8.980000e-06	-6.763547e-09	-1.087790e-08	-5.625990e+01	-3.325885e+02
8.990000e-06	-6.771168e-09	-1.089169e-08	-5.632320e+01	-3.329590e+02
9.000000e-06	-6.778498e-09	-1.090341e-08	-5.638411e+01	-3.333140e+02
9.010000e-06	-6.785452e-09	-1.091278e-08	-5.644195e+01	-3.336536e+02
9.020000e-06	-6.791944e-09	-1.091887e-08	-5.649589e+01	-3.339776e+02
9.030000e-06	-6.797920e-09	-1.092531e-08	-5.654542e+01	-3.342861e+02
9.040000e-06	-6.803381e-09	-1.093462e-08	-5.659066e+01	-3.345790e+02
9.050000e-06	-6.808368e-09	-1.094669e-08	-5.663207e+01	-3.348564e+02
9.060000e-06	-6.812956e-09	-1.096045e-08	-5.667020e+01	-3.351182e+02
9.070000e-06	-6.817261e-09	-1.097243e-08	-5.670601e+01	-3.353644e+02
9.080000e-06	-6.821360e-09	-1.098371e-08	-5.674014e+01	-3.355951e+02
9.090000e-06	-6.825272e-09	-1.099085e-08	-5.677275e+01	-3.358101e+02
9.100000e-06	-6.828993e-09	-1.099317e-08	-5.680371e+01	-3.360095e+02
9.110000e-06	-6.832471e-09	-1.099140e-08	-5.683260e+01	-3.361933e+02
9.120000e-06	-6.835644e-09	-1.098823e-08	-5.685897e+01	-3.363614e+02
9.130000e-06	-6.838493e-09	-1.098946e-08	-5.688260e+01	-3.365139e+02
9.140000e-06	-6.841032e-09	-1.099686e-08	-5.690369e+01	-3.366508e+02
9.150000e-06	-6.843299e-09	-1.101208e-08	-5.692259e+01	-3.367720e+02
9.160000e-06	-6.845325e-09	-1.102669e-08	-5.693950e+01	-3.368775e+02
9.170000e-06	-6.847116e-09	-1.103522e-08	-5.695438e+01	-3.369674e+02
9.180000e-06	-6.848531e-09	-1.103870e-08	-5.696605e+01	-3.370416e+02
9.190000e-06	-6.849514e-09	-1.103911e-08	-5.697416e+01	-3.371002e+02
9.200000e-06	-6.850213e-09	-1.103689e-08	-5.698000e+01	-3.371430e+02
9.210000e-06	-6.850667e-09	-1.103070e-08	-5.698382e+01	-3.371702e+02
