1.347178e-15
1.101785e-14
3.351245e-15
4.419105e-15
5.801098e-14
2.088419e-13
2.184672e-13
2.300660e-13
2.202759e-13
2.200112e-13
2.304256e-13
2.378779e-13
2.262538e-13
2.331153e-13
2.287333e-13
2.356316e-13
2.283170e-13
2.347339e-13
2.315388e-13
2.185021e-13
2.253502e-13
2.347169e-13
2.335218e-13
2.377595e-13
2.310697e-13
2.351453e-13
2.325904e-13
2.317252e-13
2.372515e-13
2.385811e-13
2.368799e-13
2.376619e-13
2.355093e-13
2.428865e-13
2.319015e-13
1.298119e-13
2.157999e-14
7.413114e-15
7.412866e-15
9.927006e-15
