# Temperatura_=_20.0
# Concentracion g/m^3_=_10000.0
# C_Vs_to_Am_M_A/Vsm_=_25649819763.59163
# pendiente_HvsI_1/m_=_3716.3
# ordenada_HvsI_A/m_=_1297.0
# frecuencia_Hz_=_108509.561365752
# Promedio de 26 ciclos

Tiempo_(s)	Campo_(V.s)	Magnetizacion_(V.s)	Campo_(kA/m)	Magnetizacion_(A/m)
0.000000e+00	-6.840235e-09	-1.050032e-08	-5.698042e+01	-3.461395e+02
1.000000e-08	-6.840299e-09	-1.050473e-08	-5.698119e+01	-3.461549e+02
2.000000e-08	-6.840199e-09	-1.050482e-08	-5.698067e+01	-3.461542e+02
3.000000e-08	-6.839946e-09	-1.049952e-08	-5.697866e+01	-3.461375e+02
4.000000e-08	-6.839504e-09	-1.048493e-08	-5.697481e+01	-3.461046e+02
5.000000e-08	-6.838786e-09	-1.047117e-08	-5.696858e+01	-3.460556e+02
6.000000e-08	-6.837685e-09	-1.048127e-08	-5.695917e+01	-3.459906e+02
7.000000e-08	-6.836112e-09	-1.052766e-08	-5.694589e+01	-3.459094e+02
8.000000e-08	-6.834039e-09	-1.058275e-08	-5.692846e+01	-3.458122e+02
9.000000e-08	-6.831449e-09	-1.057805e-08	-5.690665e+01	-3.456989e+02
1.000000e-07	-6.828328e-09	-1.043541e-08	-5.688044e+01	-3.455695e+02
1.100000e-07	-6.824767e-09	-1.022084e-08	-5.685064e+01	-3.454240e+02
1.200000e-07	-6.820892e-09	-1.018397e-08	-5.681836e+01	-3.452625e+02
1.300000e-07	-6.816800e-09	-1.044178e-08	-5.678441e+01	-3.450849e+02
1.400000e-07	-6.812535e-09	-1.070016e-08	-5.674905e+01	-3.448912e+02
1.500000e-07	-6.808050e-09	-1.066062e-08	-5.671176e+01	-3.446815e+02
1.600000e-07	-6.803248e-09	-1.049680e-08	-5.667163e+01	-3.444558e+02
1.700000e-07	-6.798109e-09	-1.048909e-08	-5.662864e+01	-3.442141e+02
1.800000e-07	-6.792674e-09	-1.051752e-08	-5.658332e+01	-3.439563e+02
1.900000e-07	-6.786905e-09	-1.033966e-08	-5.653518e+01	-3.436826e+02
2.000000e-07	-6.780807e-09	-1.021098e-08	-5.648432e+01	-3.433929e+02
2.100000e-07	-6.774472e-09	-1.039245e-08	-5.643168e+01	-3.430872e+02
2.200000e-07	-6.767857e-09	-1.050512e-08	-5.637658e+01	-3.427655e+02
2.300000e-07	-6.760876e-09	-1.032183e-08	-5.631813e+01	-3.424279e+02
2.400000e-07	-6.753552e-09	-1.023353e-08	-5.625690e+01	-3.420744e+02
2.500000e-07	-6.745964e-09	-1.032658e-08	-5.619370e+01	-3.417050e+02
2.600000e-07	-6.738178e-09	-1.020174e-08	-5.612890e+01	-3.413196e+02
2.700000e-07	-6.730215e-09	-1.003671e-08	-5.606273e+01	-3.409184e+02
2.800000e-07	-6.722097e-09	-1.019493e-08	-5.599526e+01	-3.405014e+02
2.900000e-07	-6.713790e-09	-1.030698e-08	-5.592615e+01	-3.400685e+02
3.000000e-07	-6.705195e-09	-1.013335e-08	-5.585452e+01	-3.396198e+02
3.100000e-07	-6.696218e-09	-1.009040e-08	-5.577954e+01	-3.391553e+02
3.200000e-07	-6.686776e-09	-1.023019e-08	-5.570056e+01	-3.386750e+02
3.300000e-07	-6.676793e-09	-1.017401e-08	-5.561682e+01	-3.381789e+02
3.400000e-07	-6.666229e-09	-1.011869e-08	-5.552843e+01	-3.376672e+02
3.500000e-07	-6.655182e-09	-1.028982e-08	-5.543629e+01	-3.371397e+02
3.600000e-07	-6.643735e-09	-1.030442e-08	-5.534069e+01	-3.365966e+02
3.700000e-07	-6.631909e-09	-1.018464e-08	-5.524203e+01	-3.360378e+02
3.800000e-07	-6.619764e-09	-1.024259e-08	-5.514087e+01	-3.354633e+02
3.900000e-07	-6.607317e-09	-1.023111e-08	-5.503720e+01	-3.348733e+02
4.000000e-07	-6.594545e-09	-1.009824e-08	-5.493082e+01	-3.342677e+02
4.100000e-07	-6.581439e-09	-1.013660e-08	-5.482167e+01	-3.336465e+02
4.200000e-07	-6.568024e-09	-1.014970e-08	-5.470996e+01	-3.330099e+02
4.300000e-07	-6.554332e-09	-9.973262e-09	-5.459591e+01	-3.323577e+02
4.400000e-07	-6.540372e-09	-9.967294e-09	-5.447962e+01	-3.316901e+02
4.500000e-07	-6.526123e-09	-1.005555e-08	-5.436090e+01	-3.310070e+02
4.600000e-07	-6.511551e-09	-9.916649e-09	-5.423927e+01	-3.303086e+02
4.700000e-07	-6.496612e-09	-9.787994e-09	-5.411458e+01	-3.295948e+02
4.800000e-07	-6.481243e-09	-9.841960e-09	-5.398636e+01	-3.288657e+02
4.900000e-07	-6.465415e-09	-9.853421e-09	-5.385431e+01	-3.281212e+02
5.000000e-07	-6.449191e-09	-9.756848e-09	-5.371890e+01	-3.273615e+02
5.100000e-07	-6.432652e-09	-9.722990e-09	-5.358079e+01	-3.265866e+02
5.200000e-07	-6.415803e-09	-9.783956e-09	-5.344034e+01	-3.257965e+02
5.300000e-07	-6.398664e-09	-9.788521e-09	-5.329752e+01	-3.249913e+02
5.400000e-07	-6.381274e-09	-9.685383e-09	-5.315265e+01	-3.241709e+02
5.500000e-07	-6.363635e-09	-9.656060e-09	-5.300571e+01	-3.233354e+02
5.600000e-07	-6.345743e-09	-9.700733e-09	-5.285657e+01	-3.224849e+02
5.700000e-07	-6.327548e-09	-9.628014e-09	-5.270484e+01	-3.216194e+02
5.800000e-07	-6.308990e-09	-9.562168e-09	-5.255012e+01	-3.207390e+02
5.900000e-07	-6.290084e-09	-9.611737e-09	-5.239252e+01	-3.198436e+02
6.000000e-07	-6.270855e-09	-9.586543e-09	-5.223216e+01	-3.189334e+02
6.100000e-07	-6.251340e-09	-9.498529e-09	-5.206960e+01	-3.180083e+02
6.200000e-07	-6.231573e-09	-9.496066e-09	-5.190511e+01	-3.170684e+02
6.300000e-07	-6.211613e-09	-9.482130e-09	-5.173912e+01	-3.161138e+02
6.400000e-07	-6.191489e-09	-9.406568e-09	-5.157176e+01	-3.151445e+02
6.500000e-07	-6.171206e-09	-9.401425e-09	-5.140291e+01	-3.141605e+02
6.600000e-07	-6.150755e-09	-9.420298e-09	-5.123252e+01	-3.131619e+02
6.700000e-07	-6.130076e-09	-9.363173e-09	-5.106020e+01	-3.121488e+02
6.800000e-07	-6.109126e-09	-9.310315e-09	-5.088567e+01	-3.111211e+02
6.900000e-07	-6.087922e-09	-9.298352e-09	-5.070906e+01	-3.100790e+02
7.000000e-07	-6.066467e-09	-9.258824e-09	-5.053035e+01	-3.090224e+02
7.100000e-07	-6.044734e-09	-9.196145e-09	-5.034927e+01	-3.079515e+02
7.200000e-07	-6.022739e-09	-9.174569e-09	-5.016599e+01	-3.068662e+02
7.300000e-07	-6.000492e-09	-9.173770e-09	-4.998055e+01	-3.057666e+02
7.400000e-07	-5.977925e-09	-9.145451e-09	-4.979250e+01	-3.046529e+02
7.500000e-07	-5.955006e-09	-9.102784e-09	-4.960146e+01	-3.035250e+02
7.600000e-07	-5.931786e-09	-9.064742e-09	-4.940783e+01	-3.023829e+02
7.700000e-07	-5.908300e-09	-9.018172e-09	-4.921213e+01	-3.012268e+02
7.800000e-07	-5.884577e-09	-8.964391e-09	-4.901461e+01	-3.000567e+02
7.900000e-07	-5.860648e-09	-8.931785e-09	-4.881550e+01	-2.988726e+02
8.000000e-07	-5.836515e-09	-8.902624e-09	-4.861461e+01	-2.976746e+02
8.100000e-07	-5.812158e-09	-8.859354e-09	-4.841174e+01	-2.964628e+02
8.200000e-07	-5.787568e-09	-8.828178e-09	-4.820685e+01	-2.952372e+02
8.300000e-07	-5.762719e-09	-8.802892e-09	-4.799968e+01	-2.939978e+02
8.400000e-07	-5.737548e-09	-8.752209e-09	-4.778986e+01	-2.927448e+02
8.500000e-07	-5.712026e-09	-8.695217e-09	-4.757705e+01	-2.914782e+02
8.600000e-07	-5.686142e-09	-8.661294e-09	-4.736121e+01	-2.901980e+02
8.700000e-07	-5.659857e-09	-8.627839e-09	-4.714185e+01	-2.889043e+02
8.800000e-07	-5.633184e-09	-8.585360e-09	-4.691908e+01	-2.875971e+02
8.900000e-07	-5.606146e-09	-8.546671e-09	-4.669359e+01	-2.862766e+02
9.000000e-07	-5.578783e-09	-8.501923e-09	-4.646557e+01	-2.849428e+02
9.100000e-07	-5.551167e-09	-8.448224e-09	-4.623546e+01	-2.835957e+02
9.200000e-07	-5.523333e-09	-8.402442e-09	-4.600369e+01	-2.822354e+02
9.300000e-07	-5.495298e-09	-8.360561e-09	-4.577035e+01	-2.808620e+02
9.400000e-07	-5.467086e-09	-8.309963e-09	-4.553552e+01	-2.794756e+02
9.500000e-07	-5.438685e-09	-8.266915e-09	-4.529904e+01	-2.780761e+02
9.600000e-07	-5.410088e-09	-8.235896e-09	-4.506088e+01	-2.766637e+02
9.700000e-07	-5.381260e-09	-8.195348e-09	-4.482089e+01	-2.752384e+02
9.800000e-07	-5.352162e-09	-8.141012e-09	-4.457866e+01	-2.738004e+02
9.900000e-07	-5.322817e-09	-8.090718e-09	-4.433415e+01	-2.723495e+02
1.000000e-06	-5.293228e-09	-8.046051e-09	-4.408763e+01	-2.708861e+02
1.010000e-06	-5.263384e-09	-7.997767e-09	-4.383901e+01	-2.694100e+02
1.020000e-06	-5.233295e-09	-7.952949e-09	-4.358834e+01	-2.679214e+02
1.030000e-06	-5.202969e-09	-7.910799e-09	-4.333577e+01	-2.664203e+02
1.040000e-06	-5.172423e-09	-7.866745e-09	-4.308128e+01	-2.649068e+02
1.050000e-06	-5.141675e-09	-7.823204e-09	-4.282505e+01	-2.633811e+02
1.060000e-06	-5.110710e-09	-7.778343e-09	-4.256711e+01	-2.618430e+02
1.070000e-06	-5.079543e-09	-7.726739e-09	-4.230763e+01	-2.602928e+02
1.080000e-06	-5.048220e-09	-7.671027e-09	-4.204688e+01	-2.587305e+02
1.090000e-06	-5.016733e-09	-7.622976e-09	-4.178478e+01	-2.571561e+02
1.100000e-06	-4.985062e-09	-7.578712e-09	-4.152106e+01	-2.555698e+02
1.110000e-06	-4.953198e-09	-7.530763e-09	-4.125576e+01	-2.539716e+02
1.120000e-06	-4.921158e-09	-7.479645e-09	-4.098905e+01	-2.523615e+02
1.130000e-06	-4.888934e-09	-7.426876e-09	-4.072073e+01	-2.507398e+02
1.140000e-06	-4.856498e-09	-7.377445e-09	-4.045052e+01	-2.491063e+02
1.150000e-06	-4.823827e-09	-7.328465e-09	-4.017815e+01	-2.474613e+02
1.160000e-06	-4.790866e-09	-7.273714e-09	-3.990340e+01	-2.458048e+02
1.170000e-06	-4.757643e-09	-7.218426e-09	-3.962654e+01	-2.441368e+02
1.180000e-06	-4.724152e-09	-7.173221e-09	-3.934733e+01	-2.424575e+02
1.190000e-06	-4.690309e-09	-7.131578e-09	-3.906504e+01	-2.407669e+02
1.200000e-06	-4.656100e-09	-7.082117e-09	-3.877968e+01	-2.390651e+02
1.210000e-06	-4.621572e-09	-7.025703e-09	-3.849178e+01	-2.373522e+02
1.220000e-06	-4.586736e-09	-6.968050e-09	-3.820138e+01	-2.356282e+02
1.230000e-06	-4.551633e-09	-6.913110e-09	-3.790892e+01	-2.338933e+02
1.240000e-06	-4.516279e-09	-6.858960e-09	-3.761445e+01	-2.321475e+02
1.250000e-06	-4.480701e-09	-6.806499e-09	-3.731803e+01	-2.303909e+02
1.260000e-06	-4.444975e-09	-6.756397e-09	-3.702040e+01	-2.286236e+02
1.270000e-06	-4.409097e-09	-6.709411e-09	-3.672157e+01	-2.268456e+02
1.280000e-06	-4.373043e-09	-6.663749e-09	-3.642136e+01	-2.250571e+02
1.290000e-06	-4.336830e-09	-6.615222e-09	-3.611986e+01	-2.232581e+02
1.300000e-06	-4.300477e-09	-6.559985e-09	-3.581720e+01	-2.214487e+02
1.310000e-06	-4.263970e-09	-6.497083e-09	-3.551327e+01	-2.196291e+02
1.320000e-06	-4.227293e-09	-6.433902e-09	-3.520783e+01	-2.177992e+02
1.330000e-06	-4.190449e-09	-6.375123e-09	-3.490093e+01	-2.159591e+02
1.340000e-06	-4.153453e-09	-6.320562e-09	-3.459281e+01	-2.141091e+02
1.350000e-06	-4.116291e-09	-6.266843e-09	-3.428325e+01	-2.122490e+02
1.360000e-06	-4.078951e-09	-6.216644e-09	-3.397210e+01	-2.103791e+02
1.370000e-06	-4.041421e-09	-6.170364e-09	-3.365933e+01	-2.084994e+02
1.380000e-06	-4.003677e-09	-6.119701e-09	-3.334475e+01	-2.066100e+02
1.390000e-06	-3.965728e-09	-6.061064e-09	-3.302853e+01	-2.047110e+02
1.400000e-06	-3.927574e-09	-5.994771e-09	-3.271074e+01	-2.028025e+02
1.410000e-06	-3.889236e-09	-5.926415e-09	-3.239139e+01	-2.008845e+02
1.420000e-06	-3.850687e-09	-5.862338e-09	-3.207024e+01	-1.989572e+02
1.430000e-06	-3.811931e-09	-5.806512e-09	-3.174740e+01	-1.970207e+02
1.440000e-06	-3.773037e-09	-5.752456e-09	-3.142339e+01	-1.950749e+02
1.450000e-06	-3.734013e-09	-5.696248e-09	-3.109841e+01	-1.931201e+02
1.460000e-06	-3.694846e-09	-5.642528e-09	-3.077228e+01	-1.911563e+02
1.470000e-06	-3.655523e-09	-5.584815e-09	-3.044474e+01	-1.891836e+02
1.480000e-06	-3.616074e-09	-5.521139e-09	-3.011615e+01	-1.872021e+02
1.490000e-06	-3.576505e-09	-5.454970e-09	-2.978667e+01	-1.852119e+02
1.500000e-06	-3.536792e-09	-5.387747e-09	-2.945607e+01	-1.832131e+02
1.510000e-06	-3.496951e-09	-5.322421e-09	-2.912433e+01	-1.812058e+02
1.520000e-06	-3.457003e-09	-5.259539e-09	-2.879154e+01	-1.791900e+02
1.530000e-06	-3.416921e-09	-5.196694e-09	-2.845764e+01	-1.771659e+02
1.540000e-06	-3.376722e-09	-5.134980e-09	-2.812275e+01	-1.751335e+02
1.550000e-06	-3.336411e-09	-5.071432e-09	-2.778694e+01	-1.730930e+02
1.560000e-06	-3.295934e-09	-5.004984e-09	-2.744980e+01	-1.710444e+02
1.570000e-06	-3.255288e-09	-4.942838e-09	-2.711126e+01	-1.689879e+02
1.580000e-06	-3.214475e-09	-4.882949e-09	-2.677124e+01	-1.669235e+02
1.590000e-06	-3.173486e-09	-4.822631e-09	-2.642952e+01	-1.648514e+02
1.600000e-06	-3.132316e-09	-4.761483e-09	-2.608629e+01	-1.627715e+02
1.610000e-06	-3.090960e-09	-4.698875e-09	-2.574171e+01	-1.606841e+02
1.620000e-06	-3.049413e-09	-4.631018e-09	-2.539548e+01	-1.585893e+02
1.630000e-06	-3.007690e-09	-4.553414e-09	-2.504750e+01	-1.564870e+02
1.640000e-06	-2.965781e-09	-4.476815e-09	-2.469785e+01	-1.543775e+02
1.650000e-06	-2.923650e-09	-4.410627e-09	-2.434647e+01	-1.522607e+02
1.660000e-06	-2.881331e-09	-4.354494e-09	-2.399357e+01	-1.501369e+02
1.670000e-06	-2.838859e-09	-4.301560e-09	-2.363925e+01	-1.480061e+02
1.680000e-06	-2.796233e-09	-4.246841e-09	-2.328355e+01	-1.458684e+02
1.690000e-06	-2.753438e-09	-4.187859e-09	-2.292646e+01	-1.437240e+02
1.700000e-06	-2.710482e-09	-4.118340e-09	-2.256821e+01	-1.415728e+02
1.710000e-06	-2.667380e-09	-4.041774e-09	-2.220889e+01	-1.394150e+02
1.720000e-06	-2.624157e-09	-3.962033e-09	-2.184852e+01	-1.372508e+02
1.730000e-06	-2.580812e-09	-3.886201e-09	-2.148717e+01	-1.350802e+02
1.740000e-06	-2.537314e-09	-3.819768e-09	-2.112479e+01	-1.329032e+02
1.750000e-06	-2.493682e-09	-3.761087e-09	-2.076132e+01	-1.307201e+02
1.760000e-06	-2.449938e-09	-3.707437e-09	-2.039698e+01	-1.285309e+02
1.770000e-06	-2.406076e-09	-3.653446e-09	-2.003178e+01	-1.263358e+02
1.780000e-06	-2.362106e-09	-3.594172e-09	-1.966560e+01	-1.241347e+02
1.790000e-06	-2.318043e-09	-3.523668e-09	-1.929863e+01	-1.219279e+02
1.800000e-06	-2.273864e-09	-3.446670e-09	-1.893088e+01	-1.197154e+02
1.810000e-06	-2.229588e-09	-3.371911e-09	-1.856234e+01	-1.174973e+02
1.820000e-06	-2.185243e-09	-3.301564e-09	-1.819319e+01	-1.152738e+02
1.830000e-06	-2.140812e-09	-3.233384e-09	-1.782333e+01	-1.130448e+02
1.840000e-06	-2.096299e-09	-3.167987e-09	-1.745269e+01	-1.108107e+02
1.850000e-06	-2.051709e-09	-3.108084e-09	-1.708136e+01	-1.085713e+02
1.860000e-06	-2.007037e-09	-3.049696e-09	-1.670936e+01	-1.063269e+02
1.870000e-06	-1.962291e-09	-2.987234e-09	-1.633669e+01	-1.040776e+02
1.880000e-06	-1.917494e-09	-2.916233e-09	-1.596346e+01	-1.018234e+02
1.890000e-06	-1.872607e-09	-2.840931e-09	-1.558969e+01	-9.956445e+01
1.900000e-06	-1.827632e-09	-2.768195e-09	-1.521526e+01	-9.730088e+01
1.910000e-06	-1.782610e-09	-2.699227e-09	-1.484030e+01	-9.503278e+01
1.920000e-06	-1.737552e-09	-2.630828e-09	-1.446505e+01	-9.276026e+01
1.930000e-06	-1.692445e-09	-2.561245e-09	-1.408934e+01	-9.048341e+01
1.940000e-06	-1.647272e-09	-2.493631e-09	-1.371292e+01	-8.820235e+01
1.950000e-06	-1.602042e-09	-2.427653e-09	-1.333601e+01	-8.591718e+01
1.960000e-06	-1.556733e-09	-2.361599e-09	-1.295849e+01	-8.362801e+01
1.970000e-06	-1.511357e-09	-2.292731e-09	-1.258052e+01	-8.133495e+01
1.980000e-06	-1.465916e-09	-2.222594e-09	-1.220211e+01	-7.903809e+01
1.990000e-06	-1.420412e-09	-2.154408e-09	-1.182312e+01	-7.673756e+01
2.000000e-06	-1.374820e-09	-2.083838e-09	-1.144331e+01	-7.443344e+01
2.010000e-06	-1.329130e-09	-2.009662e-09	-1.106267e+01	-7.212586e+01
2.020000e-06	-1.283372e-09	-1.936137e-09	-1.068153e+01	-6.981492e+01
2.030000e-06	-1.237547e-09	-1.866194e-09	-1.029977e+01	-6.750073e+01
2.040000e-06	-1.191660e-09	-1.799410e-09	-9.917502e+00	-6.518339e+01
2.050000e-06	-1.145713e-09	-1.733725e-09	-9.534720e+00	-6.286301e+01
2.060000e-06	-1.099721e-09	-1.666457e-09	-9.151531e+00	-6.053970e+01
2.070000e-06	-1.053683e-09	-1.598217e-09	-8.767931e+00	-5.821357e+01
2.080000e-06	-1.007583e-09	-1.530443e-09	-8.383837e+00	-5.588473e+01
2.090000e-06	-9.614204e-10	-1.460545e-09	-7.999243e+00	-5.355328e+01
2.100000e-06	-9.152107e-10	-1.386896e-09	-7.614278e+00	-5.121933e+01
2.110000e-06	-8.689792e-10	-1.310329e-09	-7.229305e+00	-4.888299e+01
2.120000e-06	-8.227129e-10	-1.234880e-09	-6.844115e+00	-4.654438e+01
2.130000e-06	-7.764041e-10	-1.162405e-09	-6.458571e+00	-4.420359e+01
2.140000e-06	-7.300869e-10	-1.090703e-09	-6.072911e+00	-4.186074e+01
2.150000e-06	-6.837647e-10	-1.019538e-09	-5.687032e+00	-3.951593e+01
2.160000e-06	-6.374047e-10	-9.501888e-10	-5.300711e+00	-3.716928e+01
2.170000e-06	-5.910202e-10	-8.820527e-10	-4.914280e+00	-3.482089e+01
2.180000e-06	-5.445986e-10	-8.116863e-10	-4.527583e+00	-3.247088e+01
2.190000e-06	-4.981422e-10	-7.388685e-10	-4.140600e+00	-3.011935e+01
2.200000e-06	-4.516890e-10	-6.643335e-10	-3.753598e+00	-2.776641e+01
2.210000e-06	-4.052107e-10	-5.867446e-10	-3.366411e+00	-2.541218e+01
2.220000e-06	-3.586976e-10	-5.089007e-10	-2.979076e+00	-2.305675e+01
2.230000e-06	-3.121661e-10	-4.368143e-10	-2.591531e+00	-2.070025e+01
2.240000e-06	-2.656088e-10	-3.702774e-10	-2.203669e+00	-1.834277e+01
2.250000e-06	-2.190246e-10	-3.019991e-10	-1.815592e+00	-1.598443e+01
2.260000e-06	-1.724392e-10	-2.302455e-10	-1.427575e+00	-1.362535e+01
2.270000e-06	-1.258663e-10	-1.580032e-10	-1.039595e+00	-1.126562e+01
2.280000e-06	-7.927246e-11	-8.653744e-11	-6.514747e-01	-8.905356e+00
2.290000e-06	-3.265355e-11	-1.385534e-11	-2.631480e-01	-6.544674e+00
2.300000e-06	1.395418e-11	6.326918e-11	1.251438e-01	-4.183679e+00
2.310000e-06	6.052016e-11	1.416302e-10	5.130900e-01	-1.822482e+00
2.320000e-06	1.070846e-10	2.136209e-10	9.009863e-01	5.388070e-01
2.330000e-06	1.536664e-10	2.796713e-10	1.288815e+00	2.900079e+00
2.340000e-06	2.002149e-10	3.459951e-10	1.676472e+00	5.261225e+00
2.350000e-06	2.467536e-10	4.156814e-10	2.064181e+00	7.622134e+00
2.360000e-06	2.932895e-10	4.863964e-10	2.451752e+00	9.982696e+00
2.370000e-06	3.397962e-10	5.565395e-10	2.839047e+00	1.234280e+01
2.380000e-06	3.862981e-10	6.328796e-10	3.226260e+00	1.470234e+01
2.390000e-06	4.327801e-10	7.175978e-10	3.613290e+00	1.706121e+01
2.400000e-06	4.792188e-10	7.989105e-10	3.999980e+00	1.941929e+01
2.410000e-06	5.256516e-10	8.649443e-10	4.386707e+00	2.177647e+01
2.420000e-06	5.720665e-10	9.232448e-10	4.773296e+00	2.413265e+01
2.430000e-06	6.184536e-10	9.897567e-10	5.159668e+00	2.648772e+01
2.440000e-06	6.648277e-10	1.062919e-09	5.545973e+00	2.884156e+01
2.450000e-06	7.111695e-10	1.132619e-09	5.932005e+00	3.119407e+01
2.460000e-06	7.574783e-10	1.201001e-09	6.317736e+00	3.354514e+01
2.470000e-06	8.037420e-10	1.275528e-09	6.703116e+00	3.589466e+01
2.480000e-06	8.499418e-10	1.352896e-09	7.088080e+00	3.824251e+01
2.490000e-06	8.961116e-10	1.423700e-09	7.472862e+00	4.058860e+01
2.500000e-06	9.422490e-10	1.486263e-09	7.857262e+00	4.293280e+01
2.510000e-06	9.883233e-10	1.548154e-09	8.241110e+00	4.527502e+01
2.520000e-06	1.034334e-09	1.617400e-09	8.624436e+00	4.761515e+01
2.530000e-06	1.080294e-09	1.693470e-09	9.007180e+00	4.995306e+01
2.540000e-06	1.126207e-09	1.767394e-09	9.389515e+00	5.228867e+01
2.550000e-06	1.172043e-09	1.835913e-09	9.771270e+00	5.462185e+01
2.560000e-06	1.217818e-09	1.905705e-09	1.015261e+01	5.695249e+01
2.570000e-06	1.263527e-09	1.980070e-09	1.053342e+01	5.928050e+01
2.580000e-06	1.309154e-09	2.052056e-09	1.091343e+01	6.160576e+01
2.590000e-06	1.354714e-09	2.115131e-09	1.129297e+01	6.392817e+01
2.600000e-06	1.400198e-09	2.174583e-09	1.167198e+01	6.624761e+01
2.610000e-06	1.445618e-09	2.239964e-09	1.205042e+01	6.856398e+01
2.620000e-06	1.490992e-09	2.311752e-09	1.242848e+01	7.087717e+01
2.630000e-06	1.536310e-09	2.385636e-09	1.280600e+01	7.318707e+01
2.640000e-06	1.581576e-09	2.458362e-09	1.318293e+01	7.549358e+01
2.650000e-06	1.626789e-09	2.527527e-09	1.355938e+01	7.779659e+01
2.660000e-06	1.671929e-09	2.596384e-09	1.393536e+01	8.009599e+01
2.670000e-06	1.717015e-09	2.665751e-09	1.431090e+01	8.239167e+01
2.680000e-06	1.762043e-09	2.730612e-09	1.468584e+01	8.468353e+01
2.690000e-06	1.806987e-09	2.791448e-09	1.506004e+01	8.697146e+01
2.700000e-06	1.851861e-09	2.856382e-09	1.543365e+01	8.925536e+01
2.710000e-06	1.896665e-09	2.928575e-09	1.580674e+01	9.153512e+01
2.720000e-06	1.941396e-09	3.003518e-09	1.617914e+01	9.381062e+01
2.730000e-06	1.986062e-09	3.076605e-09	1.655092e+01	9.608178e+01
2.740000e-06	2.030656e-09	3.148051e-09	1.692219e+01	9.834848e+01
2.750000e-06	2.075152e-09	3.219037e-09	1.729268e+01	1.006106e+02
2.760000e-06	2.119562e-09	3.285130e-09	1.766246e+01	1.028681e+02
2.770000e-06	2.163917e-09	3.346141e-09	1.803167e+01	1.051208e+02
2.780000e-06	2.208204e-09	3.409316e-09	1.840017e+01	1.073686e+02
2.790000e-06	2.252408e-09	3.476959e-09	1.876803e+01	1.096114e+02
2.800000e-06	2.296531e-09	3.547884e-09	1.913528e+01	1.118491e+02
2.810000e-06	2.340564e-09	3.619407e-09	1.950182e+01	1.140817e+02
2.820000e-06	2.384487e-09	3.687312e-09	1.986754e+01	1.163089e+02
2.830000e-06	2.428305e-09	3.753693e-09	2.023243e+01	1.185308e+02
2.840000e-06	2.472038e-09	3.822146e-09	2.059667e+01	1.207471e+02
2.850000e-06	2.515665e-09	3.890524e-09	2.096006e+01	1.229579e+02
2.860000e-06	2.559172e-09	3.955451e-09	2.132245e+01	1.251629e+02
2.870000e-06	2.602543e-09	4.017114e-09	2.168385e+01	1.273622e+02
2.880000e-06	2.645780e-09	4.080974e-09	2.204422e+01	1.295555e+02
2.890000e-06	2.688894e-09	4.149242e-09	2.240359e+01	1.317428e+02
2.900000e-06	2.731857e-09	4.216375e-09	2.276177e+01	1.339240e+02
2.910000e-06	2.774625e-09	4.280502e-09	2.311838e+01	1.360989e+02
2.920000e-06	2.817218e-09	4.346203e-09	2.347361e+01	1.382676e+02
2.930000e-06	2.859654e-09	4.416839e-09	2.382749e+01	1.404298e+02
2.940000e-06	2.901888e-09	4.485603e-09	2.417967e+01	1.425855e+02
2.950000e-06	2.943913e-09	4.546478e-09	2.453014e+01	1.447346e+02
2.960000e-06	2.985731e-09	4.603868e-09	2.487891e+01	1.468770e+02
2.970000e-06	3.027332e-09	4.663064e-09	2.522591e+01	1.490125e+02
2.980000e-06	3.068722e-09	4.726834e-09	2.557115e+01	1.511411e+02
2.990000e-06	3.109909e-09	4.792069e-09	2.591465e+01	1.532628e+02
3.000000e-06	3.150925e-09	4.856606e-09	2.625664e+01	1.553772e+02
3.010000e-06	3.191796e-09	4.922829e-09	2.659715e+01	1.574845e+02
3.020000e-06	3.232522e-09	4.989588e-09	2.693634e+01	1.595845e+02
3.030000e-06	3.273090e-09	5.053402e-09	2.727423e+01	1.616770e+02
3.040000e-06	3.313505e-09	5.110367e-09	2.761079e+01	1.637621e+02
3.050000e-06	3.353791e-09	5.164179e-09	2.794616e+01	1.658395e+02
3.060000e-06	3.393948e-09	5.223165e-09	2.828037e+01	1.679093e+02
3.070000e-06	3.433969e-09	5.287793e-09	2.861355e+01	1.699712e+02
3.080000e-06	3.473868e-09	5.352460e-09	2.894572e+01	1.720253e+02
3.090000e-06	3.513664e-09	5.415561e-09	2.927691e+01	1.740713e+02
3.100000e-06	3.553335e-09	5.478840e-09	2.960711e+01	1.761093e+02
3.110000e-06	3.592849e-09	5.539681e-09	2.993614e+01	1.781391e+02
3.120000e-06	3.632208e-09	5.595861e-09	3.026398e+01	1.801606e+02
3.130000e-06	3.671435e-09	5.648116e-09	3.059063e+01	1.821738e+02
3.140000e-06	3.710521e-09	5.701057e-09	3.091610e+01	1.841785e+02
3.150000e-06	3.749461e-09	5.758688e-09	3.124044e+01	1.861746e+02
3.160000e-06	3.788233e-09	5.818283e-09	3.156334e+01	1.881621e+02
3.170000e-06	3.826807e-09	5.878065e-09	3.188457e+01	1.901409e+02
3.180000e-06	3.865201e-09	5.941335e-09	3.220431e+01	1.921108e+02
3.190000e-06	3.903422e-09	6.005707e-09	3.252268e+01	1.940718e+02
3.200000e-06	3.941460e-09	6.062813e-09	3.283966e+01	1.960238e+02
3.210000e-06	3.979338e-09	6.114585e-09	3.315524e+01	1.979667e+02
3.220000e-06	4.017047e-09	6.166644e-09	3.346931e+01	1.999004e+02
3.230000e-06	4.054560e-09	6.218406e-09	3.378176e+01	2.018248e+02
3.240000e-06	4.091873e-09	6.270709e-09	3.409260e+01	2.037398e+02
3.250000e-06	4.128997e-09	6.329059e-09	3.440186e+01	2.056454e+02
3.260000e-06	4.165971e-09	6.395234e-09	3.470978e+01	2.075414e+02
3.270000e-06	4.202792e-09	6.461285e-09	3.501642e+01	2.094278e+02
3.280000e-06	4.239445e-09	6.521158e-09	3.532171e+01	2.113044e+02
3.290000e-06	4.275942e-09	6.572681e-09	3.562569e+01	2.131712e+02
3.300000e-06	4.312288e-09	6.617560e-09	3.592837e+01	2.150282e+02
3.310000e-06	4.348503e-09	6.661321e-09	3.622993e+01	2.168751e+02
3.320000e-06	4.384579e-09	6.709393e-09	3.653024e+01	2.187120e+02
3.330000e-06	4.420507e-09	6.765143e-09	3.682939e+01	2.205387e+02
3.340000e-06	4.456281e-09	6.825912e-09	3.712736e+01	2.223551e+02
3.350000e-06	4.491870e-09	6.888776e-09	3.742377e+01	2.241613e+02
3.360000e-06	4.527229e-09	6.949917e-09	3.771832e+01	2.259570e+02
3.370000e-06	4.562338e-09	7.004868e-09	3.801092e+01	2.277422e+02
3.380000e-06	4.597190e-09	7.052635e-09	3.830147e+01	2.295169e+02
3.390000e-06	4.631730e-09	7.096304e-09	3.858949e+01	2.312809e+02
3.400000e-06	4.665916e-09	7.140022e-09	3.887469e+01	2.330341e+02
3.410000e-06	4.699775e-09	7.187203e-09	3.915705e+01	2.347765e+02
3.420000e-06	4.733329e-09	7.239408e-09	3.943674e+01	2.365080e+02
3.430000e-06	4.766563e-09	7.293808e-09	3.971360e+01	2.382286e+02
3.440000e-06	4.799503e-09	7.347746e-09	3.998789e+01	2.399380e+02
3.450000e-06	4.832207e-09	7.400514e-09	4.026024e+01	2.416363e+02
3.460000e-06	4.864704e-09	7.451343e-09	4.053070e+01	2.433234e+02
3.470000e-06	4.897016e-09	7.498984e-09	4.079954e+01	2.449992e+02
3.480000e-06	4.929148e-09	7.544685e-09	4.106705e+01	2.466636e+02
3.490000e-06	4.961109e-09	7.591201e-09	4.133320e+01	2.483166e+02
3.500000e-06	4.992905e-09	7.639513e-09	4.159802e+01	2.499580e+02
3.510000e-06	5.024515e-09	7.687554e-09	4.186138e+01	2.515878e+02
3.520000e-06	5.055922e-09	7.731840e-09	4.212310e+01	2.532059e+02
3.530000e-06	5.087125e-09	7.775075e-09	4.238309e+01	2.548122e+02
3.540000e-06	5.118112e-09	7.822034e-09	4.264121e+01	2.564067e+02
3.550000e-06	5.148866e-09	7.873381e-09	4.289736e+01	2.579893e+02
3.560000e-06	5.179389e-09	7.926262e-09	4.315153e+01	2.595600e+02
3.570000e-06	5.209680e-09	7.975657e-09	4.340370e+01	2.611185e+02
3.580000e-06	5.239736e-09	8.021508e-09	4.365398e+01	2.626649e+02
3.590000e-06	5.269572e-09	8.067287e-09	4.390255e+01	2.641992e+02
3.600000e-06	5.299181e-09	8.110431e-09	4.414918e+01	2.657211e+02
3.610000e-06	5.328553e-09	8.146435e-09	4.439378e+01	2.672307e+02
3.620000e-06	5.357691e-09	8.180208e-09	4.463641e+01	2.687279e+02
3.630000e-06	5.386614e-09	8.221156e-09	4.487722e+01	2.702126e+02
3.640000e-06	5.415318e-09	8.271913e-09	4.511626e+01	2.716848e+02
3.650000e-06	5.443809e-09	8.326202e-09	4.535352e+01	2.731443e+02
3.660000e-06	5.472137e-09	8.376326e-09	4.558932e+01	2.745911e+02
3.670000e-06	5.500308e-09	8.420316e-09	4.582369e+01	2.760252e+02
3.680000e-06	5.528310e-09	8.459788e-09	4.605666e+01	2.774465e+02
3.690000e-06	5.556127e-09	8.494945e-09	4.628824e+01	2.788548e+02
3.700000e-06	5.583753e-09	8.527345e-09	4.651826e+01	2.802503e+02
3.710000e-06	5.611116e-09	8.562235e-09	4.674606e+01	2.816326e+02
3.720000e-06	5.638121e-09	8.601487e-09	4.697112e+01	2.830020e+02
3.730000e-06	5.664752e-09	8.646414e-09	4.719311e+01	2.843581e+02
3.740000e-06	5.690971e-09	8.696065e-09	4.741150e+01	2.857011e+02
3.750000e-06	5.716743e-09	8.741439e-09	4.762626e+01	2.870307e+02
3.760000e-06	5.742076e-09	8.776566e-09	4.783742e+01	2.883471e+02
3.770000e-06	5.767038e-09	8.806613e-09	4.804541e+01	2.896500e+02
3.780000e-06	5.791701e-09	8.839236e-09	4.825094e+01	2.909395e+02
3.790000e-06	5.816096e-09	8.872648e-09	4.845408e+01	2.922155e+02
3.800000e-06	5.840257e-09	8.904340e-09	4.865516e+01	2.934779e+02
3.810000e-06	5.864208e-09	8.938252e-09	4.885455e+01	2.947267e+02
3.820000e-06	5.887958e-09	8.977801e-09	4.905229e+01	2.959617e+02
3.830000e-06	5.911479e-09	9.022320e-09	4.924809e+01	2.971830e+02
3.840000e-06	5.934734e-09	9.063846e-09	4.944175e+01	2.983906e+02
3.850000e-06	5.957723e-09	9.096500e-09	4.963321e+01	2.995842e+02
3.860000e-06	5.980442e-09	9.125144e-09	4.982235e+01	3.007639e+02
3.870000e-06	6.002891e-09	9.155114e-09	5.000921e+01	3.019297e+02
3.880000e-06	6.025094e-09	9.185868e-09	5.019398e+01	3.030814e+02
3.890000e-06	6.047049e-09	9.216431e-09	5.037678e+01	3.042191e+02
3.900000e-06	6.068743e-09	9.247352e-09	5.055737e+01	3.053426e+02
3.910000e-06	6.090180e-09	9.278918e-09	5.073582e+01	3.064519e+02
3.920000e-06	6.111335e-09	9.311540e-09	5.091205e+01	3.075470e+02
3.930000e-06	6.132204e-09	9.342352e-09	5.108589e+01	3.086278e+02
3.940000e-06	6.152809e-09	9.370854e-09	5.125745e+01	3.096942e+02
3.950000e-06	6.173205e-09	9.401149e-09	5.142712e+01	3.107463e+02
3.960000e-06	6.193419e-09	9.433140e-09	5.159522e+01	3.117840e+02
3.970000e-06	6.213451e-09	9.463541e-09	5.176184e+01	3.128071e+02
3.980000e-06	6.233322e-09	9.490285e-09	5.192711e+01	3.138157e+02
3.990000e-06	6.253000e-09	9.516181e-09	5.209083e+01	3.148097e+02
4.000000e-06	6.272433e-09	9.543008e-09	5.225255e+01	3.157892e+02
4.010000e-06	6.291543e-09	9.569374e-09	5.241172e+01	3.167539e+02
4.020000e-06	6.310282e-09	9.594958e-09	5.256793e+01	3.177039e+02
4.030000e-06	6.328655e-09	9.620355e-09	5.272102e+01	3.186392e+02
4.040000e-06	6.346661e-09	9.648605e-09	5.287104e+01	3.195596e+02
4.050000e-06	6.364355e-09	9.680265e-09	5.301844e+01	3.204652e+02
4.060000e-06	6.381784e-09	9.708444e-09	5.316356e+01	3.213559e+02
4.070000e-06	6.398968e-09	9.728682e-09	5.330663e+01	3.222317e+02
4.080000e-06	6.415929e-09	9.745123e-09	5.344776e+01	3.230925e+02
4.090000e-06	6.432640e-09	9.764208e-09	5.358685e+01	3.239383e+02
4.100000e-06	6.449057e-09	9.787229e-09	5.372367e+01	3.247691e+02
4.110000e-06	6.465118e-09	9.810607e-09	5.385758e+01	3.255847e+02
4.120000e-06	6.480808e-09	9.834406e-09	5.398849e+01	3.263853e+02
4.130000e-06	6.496114e-09	9.861789e-09	5.411628e+01	3.271707e+02
4.140000e-06	6.511023e-09	9.891201e-09	5.424057e+01	3.279408e+02
4.150000e-06	6.525587e-09	9.915690e-09	5.436181e+01	3.286958e+02
4.160000e-06	6.539832e-09	9.931150e-09	5.448041e+01	3.294354e+02
4.170000e-06	6.553798e-09	9.942734e-09	5.459669e+01	3.301598e+02
4.180000e-06	6.567500e-09	9.958898e-09	5.471076e+01	3.308688e+02
4.190000e-06	6.580884e-09	9.980273e-09	5.482224e+01	3.315624e+02
4.200000e-06	6.593933e-09	1.000148e-08	5.493097e+01	3.322406e+02
4.210000e-06	6.606663e-09	1.002263e-08	5.503697e+01	3.329034e+02
4.220000e-06	6.619108e-09	1.004741e-08	5.514056e+01	3.335508e+02
4.230000e-06	6.631289e-09	1.007363e-08	5.524195e+01	3.341826e+02
4.240000e-06	6.643197e-09	1.009520e-08	5.534104e+01	3.347989e+02
4.250000e-06	6.654796e-09	1.010960e-08	5.543759e+01	3.353997e+02
4.260000e-06	6.666017e-09	1.011898e-08	5.553116e+01	3.359848e+02
4.270000e-06	6.676787e-09	1.012815e-08	5.562102e+01	3.365544e+02
4.280000e-06	6.687021e-09	1.014132e-08	5.570634e+01	3.371083e+02
4.290000e-06	6.696722e-09	1.015648e-08	5.578725e+01	3.376466e+02
4.300000e-06	6.705918e-09	1.017091e-08	5.586413e+01	3.381691e+02
4.310000e-06	6.714710e-09	1.018838e-08	5.593745e+01	3.386760e+02
4.320000e-06	6.723215e-09	1.020872e-08	5.600810e+01	3.391671e+02
4.330000e-06	6.731479e-09	1.022552e-08	5.607683e+01	3.396425e+02
4.340000e-06	6.739559e-09	1.023756e-08	5.614403e+01	3.401020e+02
4.350000e-06	6.747442e-09	1.024802e-08	5.620960e+01	3.405458e+02
4.360000e-06	6.755100e-09	1.025888e-08	5.627329e+01	3.409738e+02
4.370000e-06	6.762479e-09	1.026977e-08	5.633475e+01	3.413859e+02
4.380000e-06	6.769547e-09	1.027809e-08	5.639367e+01	3.417821e+02
4.390000e-06	6.776287e-09	1.028594e-08	5.644974e+01	3.421625e+02
4.400000e-06	6.782705e-09	1.029559e-08	5.650308e+01	3.425270e+02
4.410000e-06	6.788839e-09	1.030474e-08	5.655405e+01	3.428755e+02
4.420000e-06	6.794675e-09	1.031300e-08	5.660270e+01	3.432081e+02
4.430000e-06	6.800193e-09	1.032054e-08	5.664877e+01	3.435248e+02
4.440000e-06	6.805389e-09	1.032844e-08	5.669192e+01	3.438255e+02
4.450000e-06	6.810272e-09	1.033587e-08	5.673238e+01	3.441103e+02
4.460000e-06	6.814863e-09	1.034022e-08	5.677044e+01	3.443790e+02
4.470000e-06	6.819215e-09	1.034175e-08	5.680638e+01	3.446318e+02
4.480000e-06	6.823392e-09	1.034269e-08	5.684086e+01	3.448685e+02
4.490000e-06	6.827410e-09	1.034584e-08	5.687417e+01	3.450892e+02
4.500000e-06	6.831216e-09	1.035188e-08	5.690583e+01	3.452939e+02
4.510000e-06	6.834757e-09	1.035670e-08	5.693522e+01	3.454825e+02
4.520000e-06	6.837947e-09	1.035920e-08	5.696168e+01	3.456551e+02
4.530000e-06	6.840670e-09	1.036322e-08	5.698442e+01	3.458116e+02
4.540000e-06	6.842885e-09	1.036784e-08	5.700313e+01	3.459521e+02
4.550000e-06	6.844606e-09	1.036868e-08	5.701759e+01	3.460765e+02
4.560000e-06	6.845861e-09	1.036488e-08	5.702790e+01	3.461848e+02
4.570000e-06	6.846700e-09	1.036124e-08	5.703474e+01	3.462770e+02
4.580000e-06	6.847206e-09	1.036019e-08	5.703882e+01	3.463531e+02
4.590000e-06	6.847464e-09	1.035846e-08	5.704087e+01	3.464132e+02
4.600000e-06	6.847536e-09	1.035327e-08	5.704138e+01	3.464571e+02
4.610000e-06	6.847421e-09	1.034584e-08	5.704042e+01	3.464849e+02
4.620000e-06	6.847068e-09	1.034328e-08	5.703751e+01	3.464967e+02
4.630000e-06	6.846422e-09	1.034777e-08	5.703214e+01	3.464923e+02
4.640000e-06	6.845458e-09	1.035294e-08	5.702417e+01	3.464719e+02
4.650000e-06	6.844196e-09	1.035438e-08	5.701371e+01	3.464353e+02
4.660000e-06	6.842638e-09	1.034227e-08	5.700067e+01	3.463827e+02
4.670000e-06	6.840808e-09	1.029323e-08	5.698532e+01	3.463139e+02
4.680000e-06	6.838746e-09	1.022301e-08	5.696808e+01	3.462291e+02
4.690000e-06	6.836428e-09	1.020414e-08	5.694877e+01	3.461281e+02
4.700000e-06	6.833783e-09	1.032612e-08	5.692679e+01	3.460111e+02
4.710000e-06	6.830759e-09	1.055992e-08	5.690156e+01	3.458781e+02
4.720000e-06	6.827347e-09	1.064372e-08	5.687291e+01	3.457289e+02
4.730000e-06	6.823607e-09	1.037888e-08	5.684146e+01	3.455637e+02
4.740000e-06	6.819694e-09	1.010351e-08	5.680865e+01	3.453824e+02
4.750000e-06	6.815663e-09	1.016180e-08	5.677493e+01	3.451851e+02
4.760000e-06	6.811437e-09	1.028605e-08	5.673967e+01	3.449717e+02
4.770000e-06	6.806905e-09	1.022105e-08	5.670198e+01	3.447423e+02
4.780000e-06	6.802007e-09	1.016277e-08	5.666143e+01	3.444969e+02
4.790000e-06	6.796744e-09	1.033178e-08	5.661796e+01	3.442355e+02
4.800000e-06	6.790990e-09	1.045490e-08	5.657012e+01	3.439581e+02
4.810000e-06	6.784619e-09	1.024206e-08	5.651702e+01	3.436647e+02
4.820000e-06	6.777740e-09	1.002974e-08	5.645970e+01	3.433554e+02
4.830000e-06	6.770516e-09	1.016410e-08	5.639935e+01	3.430300e+02
4.840000e-06	6.763036e-09	1.033832e-08	5.633684e+01	3.426888e+02
4.850000e-06	6.755333e-09	1.021366e-08	5.627249e+01	3.423316e+02
4.860000e-06	6.747422e-09	1.008800e-08	5.620639e+01	3.419585e+02
4.870000e-06	6.739288e-09	1.017027e-08	5.613848e+01	3.415696e+02
4.880000e-06	6.730904e-09	1.015492e-08	5.606872e+01	3.411647e+02
4.890000e-06	6.722283e-09	1.003721e-08	5.599708e+01	3.407441e+02
4.900000e-06	6.713384e-09	1.011939e-08	5.592299e+01	3.403075e+02
4.910000e-06	6.704163e-09	1.019542e-08	5.584603e+01	3.398552e+02
4.920000e-06	6.694633e-09	1.005737e-08	5.576647e+01	3.393871e+02
4.930000e-06	6.684813e-09	1.007752e-08	5.568469e+01	3.389032e+02
4.940000e-06	6.674672e-09	1.017837e-08	5.560032e+01	3.384035e+02
4.950000e-06	6.664196e-09	1.001804e-08	5.551314e+01	3.378882e+02
4.960000e-06	6.653394e-09	9.925444e-09	5.542334e+01	3.373571e+02
4.970000e-06	6.642238e-09	1.005962e-08	5.533060e+01	3.368104e+02
4.980000e-06	6.630745e-09	1.004672e-08	5.523494e+01	3.362480e+02
4.990000e-06	6.618951e-09	9.964514e-09	5.513653e+01	3.356700e+02
5.000000e-06	6.606836e-09	1.008321e-08	5.503531e+01	3.350764e+02
5.010000e-06	6.594325e-09	1.015370e-08	5.493105e+01	3.344672e+02
5.020000e-06	6.581382e-09	1.006619e-08	5.482334e+01	3.338425e+02
5.030000e-06	6.567949e-09	1.004491e-08	5.471160e+01	3.332023e+02
5.040000e-06	6.554030e-09	1.001237e-08	5.459586e+01	3.325466e+02
5.050000e-06	6.539650e-09	9.882645e-09	5.447616e+01	3.318754e+02
5.060000e-06	6.524805e-09	9.873956e-09	5.435230e+01	3.311888e+02
5.070000e-06	6.509604e-09	9.943083e-09	5.422545e+01	3.304869e+02
5.080000e-06	6.494139e-09	9.890126e-09	5.409656e+01	3.297696e+02
5.090000e-06	6.478475e-09	9.777253e-09	5.396596e+01	3.290369e+02
5.100000e-06	6.462632e-09	9.757421e-09	5.383381e+01	3.282890e+02
5.110000e-06	6.446575e-09	9.815176e-09	5.369988e+01	3.275258e+02
5.120000e-06	6.430288e-09	9.743728e-09	5.356416e+01	3.267474e+02
5.130000e-06	6.413745e-09	9.648570e-09	5.342645e+01	3.259538e+02
5.140000e-06	6.396904e-09	9.809428e-09	5.328612e+01	3.251451e+02
5.150000e-06	6.379720e-09	9.893152e-09	5.314283e+01	3.243213e+02
5.160000e-06	6.362189e-09	9.754538e-09	5.299670e+01	3.234824e+02
5.170000e-06	6.344324e-09	9.803202e-09	5.284786e+01	3.226284e+02
5.180000e-06	6.326162e-09	9.860584e-09	5.269660e+01	3.217595e+02
5.190000e-06	6.307713e-09	9.688061e-09	5.254299e+01	3.208756e+02
5.200000e-06	6.288975e-09	9.649400e-09	5.238686e+01	3.199769e+02
5.210000e-06	6.269953e-09	9.729231e-09	5.222829e+01	3.190632e+02
5.220000e-06	6.250665e-09	9.651975e-09	5.206757e+01	3.181347e+02
5.230000e-06	6.231160e-09	9.585555e-09	5.190502e+01	3.171915e+02
5.240000e-06	6.211482e-09	9.624311e-09	5.174099e+01	3.162335e+02
5.250000e-06	6.191661e-09	9.587279e-09	5.157575e+01	3.152608e+02
5.260000e-06	6.171698e-09	9.498743e-09	5.140932e+01	3.142735e+02
5.270000e-06	6.151543e-09	9.480115e-09	5.124136e+01	3.132716e+02
5.280000e-06	6.131144e-09	9.469856e-09	5.107152e+01	3.122551e+02
5.290000e-06	6.110464e-09	9.416237e-09	5.089933e+01	3.112241e+02
5.300000e-06	6.089391e-09	9.383555e-09	5.072396e+01	3.101786e+02
5.310000e-06	6.067841e-09	9.384344e-09	5.054479e+01	3.091188e+02
5.320000e-06	6.045794e-09	9.350646e-09	5.036143e+01	3.080445e+02
5.330000e-06	6.023257e-09	9.283992e-09	5.017391e+01	3.069560e+02
5.340000e-06	6.000303e-09	9.245996e-09	4.998276e+01	3.058532e+02
5.350000e-06	5.977032e-09	9.232043e-09	4.978888e+01	3.047362e+02
5.360000e-06	5.953495e-09	9.196293e-09	4.959284e+01	3.036050e+02
5.370000e-06	5.929718e-09	9.151951e-09	4.939479e+01	3.024598e+02
5.380000e-06	5.905739e-09	9.131459e-09	4.919505e+01	3.013004e+02
5.390000e-06	5.881569e-09	9.094280e-09	4.899376e+01	3.001271e+02
5.400000e-06	5.857202e-09	9.034625e-09	4.879083e+01	2.989399e+02
5.410000e-06	5.832606e-09	9.000929e-09	4.858597e+01	2.977387e+02
5.420000e-06	5.807756e-09	8.969168e-09	4.837891e+01	2.965237e+02
5.430000e-06	5.782642e-09	8.921051e-09	4.816960e+01	2.952949e+02
5.440000e-06	5.757247e-09	8.891431e-09	4.795800e+01	2.940525e+02
5.450000e-06	5.731590e-09	8.869475e-09	4.774425e+01	2.927963e+02
5.460000e-06	5.705674e-09	8.823004e-09	4.752831e+01	2.915266e+02
5.470000e-06	5.679501e-09	8.775628e-09	4.731025e+01	2.902433e+02
5.480000e-06	5.653068e-09	8.745018e-09	4.709009e+01	2.889465e+02
5.490000e-06	5.626388e-09	8.702664e-09	4.686792e+01	2.876363e+02
5.500000e-06	5.599464e-09	8.650470e-09	4.664365e+01	2.863127e+02
5.510000e-06	5.572310e-09	8.612550e-09	4.641738e+01	2.849759e+02
5.520000e-06	5.544965e-09	8.575925e-09	4.618949e+01	2.836258e+02
5.530000e-06	5.517407e-09	8.530803e-09	4.595990e+01	2.822625e+02
5.540000e-06	5.489666e-09	8.492514e-09	4.572880e+01	2.808861e+02
5.550000e-06	5.461766e-09	8.451523e-09	4.549640e+01	2.794966e+02
5.560000e-06	5.433690e-09	8.399147e-09	4.526256e+01	2.780942e+02
5.570000e-06	5.405395e-09	8.355527e-09	4.502686e+01	2.766789e+02
5.580000e-06	5.376812e-09	8.322485e-09	4.478877e+01	2.752506e+02
5.590000e-06	5.347871e-09	8.280630e-09	4.454774e+01	2.738097e+02
5.600000e-06	5.318550e-09	8.231053e-09	4.430360e+01	2.723559e+02
5.610000e-06	5.288873e-09	8.187256e-09	4.405629e+01	2.708896e+02
5.620000e-06	5.258820e-09	8.142044e-09	4.380593e+01	2.694106e+02
5.630000e-06	5.228392e-09	8.092481e-09	4.355277e+01	2.679192e+02
5.640000e-06	5.197647e-09	8.047673e-09	4.329684e+01	2.664153e+02
5.650000e-06	5.166602e-09	8.002652e-09	4.303820e+01	2.648990e+02
5.660000e-06	5.135271e-09	7.958517e-09	4.277715e+01	2.633704e+02
5.670000e-06	5.103735e-09	7.917472e-09	4.251437e+01	2.618295e+02
5.680000e-06	5.072027e-09	7.866910e-09	4.225012e+01	2.602766e+02
5.690000e-06	5.040123e-09	7.805391e-09	4.198424e+01	2.587115e+02
5.700000e-06	5.008036e-09	7.745843e-09	4.171691e+01	2.571344e+02
5.710000e-06	4.975786e-09	7.693942e-09	4.144828e+01	2.555453e+02
5.720000e-06	4.943351e-09	7.643182e-09	4.117810e+01	2.539444e+02
5.730000e-06	4.910703e-09	7.595950e-09	4.090604e+01	2.523317e+02
5.740000e-06	4.877837e-09	7.559505e-09	4.063207e+01	2.507072e+02
5.750000e-06	4.844756e-09	7.523829e-09	4.035632e+01	2.490712e+02
5.760000e-06	4.811458e-09	7.473921e-09	4.007884e+01	2.474235e+02
5.770000e-06	4.777937e-09	7.410137e-09	3.979950e+01	2.457643e+02
5.780000e-06	4.744185e-09	7.344153e-09	3.951804e+01	2.440938e+02
5.790000e-06	4.710196e-09	7.281864e-09	3.923465e+01	2.424119e+02
5.800000e-06	4.675991e-09	7.227238e-09	3.894959e+01	2.407187e+02
5.810000e-06	4.641568e-09	7.180196e-09	3.866274e+01	2.390144e+02
5.820000e-06	4.606923e-09	7.132414e-09	3.837405e+01	2.372989e+02
5.830000e-06	4.572069e-09	7.083455e-09	3.808361e+01	2.355724e+02
5.840000e-06	4.537014e-09	7.032598e-09	3.779162e+01	2.338350e+02
5.850000e-06	4.501800e-09	6.975467e-09	3.749821e+01	2.320867e+02
5.860000e-06	4.466445e-09	6.912251e-09	3.720348e+01	2.303277e+02
5.870000e-06	4.430922e-09	6.848121e-09	3.690741e+01	2.285579e+02
5.880000e-06	4.395244e-09	6.790121e-09	3.661013e+01	2.267775e+02
5.890000e-06	4.359441e-09	6.737330e-09	3.631183e+01	2.249866e+02
5.900000e-06	4.323500e-09	6.683981e-09	3.601236e+01	2.231853e+02
5.910000e-06	4.287392e-09	6.626585e-09	3.571160e+01	2.213735e+02
5.920000e-06	4.251131e-09	6.568672e-09	3.540943e+01	2.195515e+02
5.930000e-06	4.214687e-09	6.514910e-09	3.510565e+01	2.177193e+02
5.940000e-06	4.178006e-09	6.463953e-09	3.480011e+01	2.158770e+02
5.950000e-06	4.141084e-09	6.410226e-09	3.449264e+01	2.140247e+02
5.960000e-06	4.103925e-09	6.349797e-09	3.418300e+01	2.121624e+02
5.970000e-06	4.066525e-09	6.289239e-09	3.387119e+01	2.102902e+02
5.980000e-06	4.028848e-09	6.231021e-09	3.355705e+01	2.084083e+02
5.990000e-06	3.990866e-09	6.166339e-09	3.324042e+01	2.065167e+02
6.000000e-06	3.952589e-09	6.095329e-09	3.292141e+01	2.046155e+02
6.010000e-06	3.914035e-09	6.028502e-09	3.260001e+01	2.027048e+02
6.020000e-06	3.875232e-09	5.973046e-09	3.227643e+01	2.007847e+02
6.030000e-06	3.836193e-09	5.926828e-09	3.195100e+01	1.988553e+02
6.040000e-06	3.796936e-09	5.880246e-09	3.162383e+01	1.969166e+02
6.050000e-06	3.757496e-09	5.826755e-09	3.129519e+01	1.949688e+02
6.060000e-06	3.717897e-09	5.763906e-09	3.096525e+01	1.930120e+02
6.070000e-06	3.678168e-09	5.692742e-09	3.063416e+01	1.910461e+02
6.080000e-06	3.638300e-09	5.619327e-09	3.030202e+01	1.890714e+02
6.090000e-06	3.598289e-09	5.547860e-09	2.996877e+01	1.870879e+02
6.100000e-06	3.558165e-09	5.483152e-09	2.963457e+01	1.850958e+02
6.110000e-06	3.517945e-09	5.429510e-09	2.929958e+01	1.830950e+02
6.120000e-06	3.477616e-09	5.383645e-09	2.896357e+01	1.810857e+02
6.130000e-06	3.437164e-09	5.335309e-09	2.862661e+01	1.790680e+02
6.140000e-06	3.396593e-09	5.277729e-09	2.828858e+01	1.770420e+02
6.150000e-06	3.355861e-09	5.212417e-09	2.794912e+01	1.750078e+02
6.160000e-06	3.314998e-09	5.140133e-09	2.760861e+01	1.729655e+02
6.170000e-06	3.274015e-09	5.069506e-09	2.726713e+01	1.709151e+02
6.180000e-06	3.232860e-09	5.005900e-09	2.692424e+01	1.688568e+02
6.190000e-06	3.191552e-09	4.941950e-09	2.658004e+01	1.667906e+02
6.200000e-06	3.150103e-09	4.882164e-09	2.623471e+01	1.647167e+02
6.210000e-06	3.108515e-09	4.829528e-09	2.588815e+01	1.626351e+02
6.220000e-06	3.066778e-09	4.773065e-09	2.554025e+01	1.605460e+02
6.230000e-06	3.024877e-09	4.705022e-09	2.519111e+01	1.584495e+02
6.240000e-06	2.982824e-09	4.631145e-09	2.484084e+01	1.563455e+02
6.250000e-06	2.940632e-09	4.566253e-09	2.448933e+01	1.542344e+02
6.260000e-06	2.898301e-09	4.509022e-09	2.413658e+01	1.521160e+02
6.270000e-06	2.855841e-09	4.449966e-09	2.378275e+01	1.499906e+02
6.280000e-06	2.813261e-09	4.383586e-09	2.342796e+01	1.478582e+02
6.290000e-06	2.770564e-09	4.310949e-09	2.307224e+01	1.457190e+02
6.300000e-06	2.727769e-09	4.244001e-09	2.271573e+01	1.435730e+02
6.310000e-06	2.684879e-09	4.177953e-09	2.235841e+01	1.414203e+02
6.320000e-06	2.641890e-09	4.108624e-09	2.200013e+01	1.392611e+02
6.330000e-06	2.598806e-09	4.041114e-09	2.164109e+01	1.370954e+02
6.340000e-06	2.555633e-09	3.975856e-09	2.128134e+01	1.349234e+02
6.350000e-06	2.512391e-09	3.915222e-09	2.092098e+01	1.327450e+02
6.360000e-06	2.469053e-09	3.853212e-09	2.055989e+01	1.305605e+02
6.370000e-06	2.425591e-09	3.784361e-09	2.019787e+01	1.283700e+02
6.380000e-06	2.382025e-09	3.709085e-09	1.983492e+01	1.261735e+02
6.390000e-06	2.338386e-09	3.635548e-09	1.947135e+01	1.239711e+02
6.400000e-06	2.294677e-09	3.570152e-09	1.910728e+01	1.217630e+02
6.410000e-06	2.250856e-09	3.506722e-09	1.874233e+01	1.195492e+02
6.420000e-06	2.206926e-09	3.440560e-09	1.837644e+01	1.173299e+02
6.430000e-06	2.162904e-09	3.371424e-09	1.800983e+01	1.151051e+02
6.440000e-06	2.118809e-09	3.303361e-09	1.764265e+01	1.128750e+02
6.450000e-06	2.074640e-09	3.233674e-09	1.727478e+01	1.106396e+02
6.460000e-06	2.030389e-09	3.159715e-09	1.690619e+01	1.083992e+02
6.470000e-06	1.986069e-09	3.084199e-09	1.653708e+01	1.061536e+02
6.480000e-06	1.941685e-09	3.008424e-09	1.616741e+01	1.039032e+02
6.490000e-06	1.897228e-09	2.938121e-09	1.579708e+01	1.016479e+02
6.500000e-06	1.852715e-09	2.873537e-09	1.542630e+01	9.938794e+01
6.510000e-06	1.808155e-09	2.809147e-09	1.505516e+01	9.712335e+01
6.520000e-06	1.763518e-09	2.740918e-09	1.468342e+01	9.485424e+01
6.530000e-06	1.718803e-09	2.670207e-09	1.431098e+01	9.258074e+01
6.540000e-06	1.674021e-09	2.599281e-09	1.393798e+01	9.030294e+01
6.550000e-06	1.629175e-09	2.526246e-09	1.356445e+01	8.802095e+01
6.560000e-06	1.584268e-09	2.450540e-09	1.319041e+01	8.573488e+01
6.570000e-06	1.539302e-09	2.377624e-09	1.281580e+01	8.344482e+01
6.580000e-06	1.494256e-09	2.311737e-09	1.244038e+01	8.115090e+01
6.590000e-06	1.449126e-09	2.246537e-09	1.206424e+01	7.885322e+01
6.600000e-06	1.403927e-09	2.178790e-09	1.168768e+01	7.655187e+01
6.610000e-06	1.358660e-09	2.107140e-09	1.131059e+01	7.424698e+01
6.620000e-06	1.313345e-09	2.031179e-09	1.093306e+01	7.193864e+01
6.630000e-06	1.267962e-09	1.957046e-09	1.055504e+01	6.962697e+01
6.640000e-06	1.222487e-09	1.885842e-09	1.017624e+01	6.731207e+01
6.650000e-06	1.176956e-09	1.814683e-09	9.796992e+00	6.499405e+01
6.660000e-06	1.131395e-09	1.741266e-09	9.417353e+00	6.267301e+01
6.670000e-06	1.085780e-09	1.669741e-09	9.037240e+00	6.034907e+01
6.680000e-06	1.040098e-09	1.603166e-09	8.656670e+00	5.802233e+01
6.690000e-06	9.943558e-10	1.534879e-09	8.275594e+00	5.569291e+01
6.700000e-06	9.485925e-10	1.463207e-09	7.894386e+00	5.336090e+01
6.710000e-06	9.028213e-10	1.391435e-09	7.513149e+00	5.102642e+01
6.720000e-06	8.570156e-10	1.320916e-09	7.131632e+00	4.868957e+01
6.730000e-06	8.111702e-10	1.251123e-09	6.749808e+00	4.635047e+01
6.740000e-06	7.652841e-10	1.177528e-09	6.367565e+00	4.400923e+01
6.750000e-06	7.193669e-10	1.101718e-09	5.984988e+00	4.166594e+01
6.760000e-06	6.734172e-10	1.030545e-09	5.602215e+00	3.932073e+01
6.770000e-06	6.274318e-10	9.630927e-10	5.219111e+00	3.697370e+01
6.780000e-06	5.814201e-10	8.978405e-10	4.835749e+00	3.462496e+01
6.790000e-06	5.353876e-10	8.334336e-10	4.452302e+00	3.227461e+01
6.800000e-06	4.893196e-10	7.659775e-10	4.068643e+00	2.992278e+01
6.810000e-06	4.432243e-10	6.944939e-10	3.684792e+00	2.756956e+01
6.820000e-06	3.971286e-10	6.210199e-10	3.300848e+00	2.521506e+01
6.830000e-06	3.510122e-10	5.471935e-10	2.916531e+00	2.285941e+01
6.840000e-06	3.048741e-10	4.731419e-10	2.531994e+00	2.050270e+01
6.850000e-06	2.587203e-10	4.021629e-10	2.147534e+00	1.814504e+01
6.860000e-06	2.125502e-10	3.337421e-10	1.762984e+00	1.578655e+01
6.870000e-06	1.663548e-10	2.653799e-10	1.378195e+00	1.342733e+01
6.880000e-06	1.201568e-10	1.970062e-10	9.933753e-01	1.106750e+01
6.890000e-06	7.395367e-11	1.279376e-10	6.084954e-01	8.707162e+00
6.900000e-06	2.776213e-11	5.834426e-11	2.237549e-01	6.346426e+00
6.910000e-06	-1.841424e-11	-1.426990e-11	-1.608163e-01	3.985404e+00
6.920000e-06	-6.458853e-11	-8.770344e-11	-5.454641e-01	1.624204e+00
6.930000e-06	-1.107530e-10	-1.579351e-10	-9.301201e-01	-7.370624e-01
6.940000e-06	-1.569064e-10	-2.258097e-10	-1.314594e+00	-3.098287e+00
6.950000e-06	-2.030515e-10	-2.943427e-10	-1.698985e+00	-5.459359e+00
6.960000e-06	-2.492018e-10	-3.670452e-10	-2.083301e+00	-7.820169e+00
6.970000e-06	-2.953163e-10	-4.417526e-10	-2.467268e+00	-1.018061e+01
6.980000e-06	-3.414185e-10	-5.153877e-10	-2.851222e+00	-1.254056e+01
6.990000e-06	-3.875000e-10	-5.891904e-10	-3.235102e+00	-1.489993e+01
7.000000e-06	-4.335598e-10	-6.622940e-10	-3.618850e+00	-1.725859e+01
7.010000e-06	-4.796175e-10	-7.341616e-10	-4.002458e+00	-1.961645e+01
7.020000e-06	-5.256476e-10	-8.056745e-10	-4.385813e+00	-2.197338e+01
7.030000e-06	-5.716469e-10	-8.784251e-10	-4.769010e+00	-2.432929e+01
7.040000e-06	-6.176210e-10	-9.528382e-10	-5.151981e+00	-2.668405e+01
7.050000e-06	-6.635809e-10	-1.027531e-09	-5.534811e+00	-2.903757e+01
7.060000e-06	-7.095156e-10	-1.100473e-09	-5.917481e+00	-3.138973e+01
7.070000e-06	-7.553980e-10	-1.170222e-09	-6.299750e+00	-3.374042e+01
7.080000e-06	-8.012300e-10	-1.238907e-09	-6.681598e+00	-3.608953e+01
7.090000e-06	-8.470331e-10	-1.307747e-09	-7.063164e+00	-3.843696e+01
7.100000e-06	-8.927924e-10	-1.380943e-09	-7.444292e+00	-4.078259e+01
7.110000e-06	-9.384981e-10	-1.460365e-09	-7.825092e+00	-4.312632e+01
7.120000e-06	-9.841479e-10	-1.539432e-09	-8.205505e+00	-4.546804e+01
7.130000e-06	-1.029717e-09	-1.612975e-09	-8.585209e+00	-4.780763e+01
7.140000e-06	-1.075225e-09	-1.682901e-09	-8.964528e+00	-5.014500e+01
7.150000e-06	-1.120723e-09	-1.752260e-09	-9.343649e+00	-5.248002e+01
7.160000e-06	-1.166167e-09	-1.819596e-09	-9.722141e+00	-5.481260e+01
7.170000e-06	-1.211522e-09	-1.884998e-09	-1.010003e+01	-5.714262e+01
7.180000e-06	-1.256824e-09	-1.950507e-09	-1.047754e+01	-5.946997e+01
7.190000e-06	-1.302051e-09	-2.022001e-09	-1.085448e+01	-6.179455e+01
7.200000e-06	-1.347216e-09	-2.101426e-09	-1.123098e+01	-6.411626e+01
7.210000e-06	-1.392349e-09	-2.179112e-09	-1.160704e+01	-6.643497e+01
7.220000e-06	-1.437411e-09	-2.252018e-09	-1.198239e+01	-6.875059e+01
7.230000e-06	-1.482401e-09	-2.323329e-09	-1.235717e+01	-7.106300e+01
7.240000e-06	-1.527338e-09	-2.394322e-09	-1.273142e+01	-7.337210e+01
7.250000e-06	-1.572218e-09	-2.459955e-09	-1.310518e+01	-7.567778e+01
7.260000e-06	-1.617017e-09	-2.518382e-09	-1.347848e+01	-7.797993e+01
7.270000e-06	-1.661751e-09	-2.578401e-09	-1.385127e+01	-8.027846e+01
7.280000e-06	-1.706428e-09	-2.647157e-09	-1.422346e+01	-8.257324e+01
7.290000e-06	-1.751030e-09	-2.725980e-09	-1.459505e+01	-8.486417e+01
7.300000e-06	-1.795564e-09	-2.806282e-09	-1.496614e+01	-8.715115e+01
7.310000e-06	-1.840032e-09	-2.883188e-09	-1.533662e+01	-8.943408e+01
7.320000e-06	-1.884438e-09	-2.955120e-09	-1.570645e+01	-9.171283e+01
7.330000e-06	-1.928784e-09	-3.020003e-09	-1.607578e+01	-9.398732e+01
7.340000e-06	-1.973044e-09	-3.078584e-09	-1.644446e+01	-9.625742e+01
7.350000e-06	-2.017211e-09	-3.135826e-09	-1.681243e+01	-9.852305e+01
7.360000e-06	-2.061289e-09	-3.201469e-09	-1.717972e+01	-1.007841e+02
7.370000e-06	-2.105304e-09	-3.273166e-09	-1.754640e+01	-1.030404e+02
7.380000e-06	-2.149262e-09	-3.345770e-09	-1.791252e+01	-1.052920e+02
7.390000e-06	-2.193122e-09	-3.420613e-09	-1.827789e+01	-1.075386e+02
7.400000e-06	-2.236900e-09	-3.491690e-09	-1.864258e+01	-1.097802e+02
7.410000e-06	-2.280607e-09	-3.555429e-09	-1.900671e+01	-1.120168e+02
7.420000e-06	-2.324221e-09	-3.619519e-09	-1.937007e+01	-1.142481e+02
7.430000e-06	-2.367746e-09	-3.686886e-09	-1.973263e+01	-1.164741e+02
7.440000e-06	-2.411196e-09	-3.756705e-09	-2.009452e+01	-1.186946e+02
7.450000e-06	-2.454562e-09	-3.829436e-09	-2.045577e+01	-1.209097e+02
7.460000e-06	-2.497838e-09	-3.900966e-09	-2.081640e+01	-1.231191e+02
7.470000e-06	-2.541024e-09	-3.965085e-09	-2.117628e+01	-1.253228e+02
7.480000e-06	-2.584139e-09	-4.018113e-09	-2.153540e+01	-1.275206e+02
7.490000e-06	-2.627162e-09	-4.069725e-09	-2.189372e+01	-1.297125e+02
7.500000e-06	-2.670056e-09	-4.133346e-09	-2.225109e+01	-1.318984e+02
7.510000e-06	-2.712833e-09	-4.207856e-09	-2.260757e+01	-1.340781e+02
7.520000e-06	-2.755485e-09	-4.285028e-09	-2.296306e+01	-1.362516e+02
7.530000e-06	-2.798030e-09	-4.362563e-09	-2.331764e+01	-1.384187e+02
7.540000e-06	-2.840475e-09	-4.438733e-09	-2.367137e+01	-1.405794e+02
7.550000e-06	-2.882792e-09	-4.501724e-09	-2.402388e+01	-1.427336e+02
7.560000e-06	-2.924980e-09	-4.549035e-09	-2.437540e+01	-1.448811e+02
7.570000e-06	-2.967018e-09	-4.591253e-09	-2.472580e+01	-1.470219e+02
7.580000e-06	-3.008900e-09	-4.642981e-09	-2.507478e+01	-1.491558e+02
7.590000e-06	-3.050641e-09	-4.712226e-09	-2.542255e+01	-1.512828e+02
7.600000e-06	-3.092222e-09	-4.791197e-09	-2.576896e+01	-1.534028e+02
7.610000e-06	-3.133662e-09	-4.869868e-09	-2.611425e+01	-1.555156e+02
7.620000e-06	-3.174980e-09	-4.942466e-09	-2.645847e+01	-1.576211e+02
7.630000e-06	-3.216145e-09	-5.008393e-09	-2.680139e+01	-1.597194e+02
7.640000e-06	-3.257154e-09	-5.065156e-09	-2.714306e+01	-1.618102e+02
7.650000e-06	-3.298030e-09	-5.114356e-09	-2.748362e+01	-1.638934e+02
7.660000e-06	-3.338779e-09	-5.165733e-09	-2.782312e+01	-1.659691e+02
7.670000e-06	-3.379387e-09	-5.224823e-09	-2.816140e+01	-1.680370e+02
7.680000e-06	-3.419865e-09	-5.292850e-09	-2.849860e+01	-1.700971e+02
7.690000e-06	-3.460231e-09	-5.365573e-09	-2.883484e+01	-1.721493e+02
7.700000e-06	-3.500488e-09	-5.436851e-09	-2.917011e+01	-1.741935e+02
7.710000e-06	-3.540614e-09	-5.500789e-09	-2.950425e+01	-1.762295e+02
7.720000e-06	-3.580606e-09	-5.558358e-09	-2.983733e+01	-1.782574e+02
7.730000e-06	-3.620473e-09	-5.616455e-09	-3.016948e+01	-1.802770e+02
7.740000e-06	-3.660216e-09	-5.675568e-09	-3.050057e+01	-1.822881e+02
7.750000e-06	-3.699831e-09	-5.731472e-09	-3.083063e+01	-1.842908e+02
7.760000e-06	-3.739274e-09	-5.785197e-09	-3.115938e+01	-1.862850e+02
7.770000e-06	-3.778537e-09	-5.845724e-09	-3.148657e+01	-1.882704e+02
7.780000e-06	-3.817646e-09	-5.913279e-09	-3.181240e+01	-1.902471e+02
7.790000e-06	-3.856576e-09	-5.977530e-09	-3.213682e+01	-1.922150e+02
7.800000e-06	-3.895267e-09	-6.035396e-09	-3.245927e+01	-1.941739e+02
7.810000e-06	-3.933693e-09	-6.093108e-09	-3.277942e+01	-1.961237e+02
7.820000e-06	-3.971838e-09	-6.157569e-09	-3.309713e+01	-1.980645e+02
7.830000e-06	-4.009709e-09	-6.219132e-09	-3.341251e+01	-1.999960e+02
7.840000e-06	-4.047309e-09	-6.268765e-09	-3.372574e+01	-2.019182e+02
7.850000e-06	-4.084639e-09	-6.318842e-09	-3.403667e+01	-2.038311e+02
7.860000e-06	-4.121712e-09	-6.375898e-09	-3.434546e+01	-2.057344e+02
7.870000e-06	-4.158540e-09	-6.437294e-09	-3.465237e+01	-2.076282e+02
7.880000e-06	-4.195151e-09	-6.498721e-09	-3.495749e+01	-2.095123e+02
7.890000e-06	-4.231536e-09	-6.552683e-09	-3.526062e+01	-2.113866e+02
7.900000e-06	-4.267722e-09	-6.604777e-09	-3.556205e+01	-2.132512e+02
7.910000e-06	-4.303776e-09	-6.664366e-09	-3.586231e+01	-2.151058e+02
7.920000e-06	-4.339698e-09	-6.725529e-09	-3.616145e+01	-2.169504e+02
7.930000e-06	-4.375458e-09	-6.780354e-09	-3.645939e+01	-2.187849e+02
7.940000e-06	-4.411070e-09	-6.831109e-09	-3.675609e+01	-2.206092e+02
7.950000e-06	-4.446521e-09	-6.883555e-09	-3.705144e+01	-2.224232e+02
7.960000e-06	-4.481786e-09	-6.935068e-09	-3.734535e+01	-2.242270e+02
7.970000e-06	-4.516874e-09	-6.983526e-09	-3.763765e+01	-2.260202e+02
7.980000e-06	-4.551765e-09	-7.031539e-09	-3.792829e+01	-2.278030e+02
7.990000e-06	-4.586457e-09	-7.082271e-09	-3.821739e+01	-2.295752e+02
8.000000e-06	-4.620942e-09	-7.140689e-09	-3.850482e+01	-2.313367e+02
8.010000e-06	-4.655190e-09	-7.201776e-09	-3.879034e+01	-2.330874e+02
8.020000e-06	-4.689217e-09	-7.259683e-09	-3.907389e+01	-2.348273e+02
8.030000e-06	-4.723032e-09	-7.310582e-09	-3.935562e+01	-2.365562e+02
8.040000e-06	-4.756642e-09	-7.351024e-09	-3.963558e+01	-2.382742e+02
8.050000e-06	-4.790056e-09	-7.391481e-09	-3.991389e+01	-2.399810e+02
8.060000e-06	-4.823232e-09	-7.437144e-09	-4.019028e+01	-2.416767e+02
8.070000e-06	-4.856171e-09	-7.481831e-09	-4.046471e+01	-2.433612e+02
8.080000e-06	-4.888907e-09	-7.530492e-09	-4.073753e+01	-2.450343e+02
8.090000e-06	-4.921434e-09	-7.589415e-09	-4.100858e+01	-2.466961e+02
8.100000e-06	-4.953756e-09	-7.650093e-09	-4.127776e+01	-2.483463e+02
8.110000e-06	-4.985896e-09	-7.703581e-09	-4.154541e+01	-2.499850e+02
8.120000e-06	-5.017874e-09	-7.748169e-09	-4.181180e+01	-2.516121e+02
8.130000e-06	-5.049688e-09	-7.787539e-09	-4.207675e+01	-2.532275e+02
8.140000e-06	-5.081317e-09	-7.826859e-09	-4.234007e+01	-2.548311e+02
8.150000e-06	-5.112751e-09	-7.867533e-09	-4.260164e+01	-2.564228e+02
8.160000e-06	-5.143930e-09	-7.908076e-09	-4.286102e+01	-2.580026e+02
8.170000e-06	-5.174804e-09	-7.950307e-09	-4.311798e+01	-2.595704e+02
8.180000e-06	-5.205371e-09	-8.001614e-09	-4.337255e+01	-2.611262e+02
8.190000e-06	-5.235589e-09	-8.056256e-09	-4.362412e+01	-2.626697e+02
8.200000e-06	-5.265425e-09	-8.101071e-09	-4.387238e+01	-2.642011e+02
8.210000e-06	-5.294898e-09	-8.142046e-09	-4.411770e+01	-2.657202e+02
8.220000e-06	-5.324018e-09	-8.190596e-09	-4.436008e+01	-2.672269e+02
8.230000e-06	-5.352769e-09	-8.241944e-09	-4.459949e+01	-2.687212e+02
8.240000e-06	-5.381201e-09	-8.286712e-09	-4.483635e+01	-2.702030e+02
8.250000e-06	-5.409424e-09	-8.323182e-09	-4.507148e+01	-2.716722e+02
8.260000e-06	-5.437483e-09	-8.357163e-09	-4.530526e+01	-2.731288e+02
8.270000e-06	-5.465376e-09	-8.390015e-09	-4.553767e+01	-2.745726e+02
8.280000e-06	-5.493121e-09	-8.419519e-09	-4.576881e+01	-2.760037e+02
8.290000e-06	-5.520692e-09	-8.455598e-09	-4.599846e+01	-2.774220e+02
8.300000e-06	-5.548053e-09	-8.505657e-09	-4.622630e+01	-2.788274e+02
8.310000e-06	-5.575180e-09	-8.565893e-09	-4.645217e+01	-2.802197e+02
8.320000e-06	-5.602055e-09	-8.623398e-09	-4.667600e+01	-2.815991e+02
8.330000e-06	-5.628663e-09	-8.671642e-09	-4.689766e+01	-2.829653e+02
8.340000e-06	-5.655009e-09	-8.706589e-09	-4.711708e+01	-2.843184e+02
8.350000e-06	-5.681089e-09	-8.723870e-09	-4.733419e+01	-2.856583e+02
8.360000e-06	-5.706881e-09	-8.740801e-09	-4.754896e+01	-2.869849e+02
8.370000e-06	-5.732408e-09	-8.772239e-09	-4.776158e+01	-2.882981e+02
8.380000e-06	-5.757678e-09	-8.817809e-09	-4.797193e+01	-2.895979e+02
8.390000e-06	-5.782663e-09	-8.868644e-09	-4.817981e+01	-2.908843e+02
8.400000e-06	-5.807355e-09	-8.923459e-09	-4.838542e+01	-2.921571e+02
8.410000e-06	-5.831801e-09	-8.980487e-09	-4.858910e+01	-2.934163e+02
8.420000e-06	-5.856042e-09	-9.022821e-09	-4.879108e+01	-2.946619e+02
8.430000e-06	-5.880097e-09	-9.043351e-09	-4.899147e+01	-2.958938e+02
8.440000e-06	-5.903983e-09	-9.056884e-09	-4.919049e+01	-2.971119e+02
8.450000e-06	-5.927690e-09	-9.083105e-09	-4.938807e+01	-2.983162e+02
8.460000e-06	-5.951207e-09	-9.120714e-09	-4.958402e+01	-2.995066e+02
8.470000e-06	-5.974474e-09	-9.161410e-09	-4.977787e+01	-3.006830e+02
8.480000e-06	-5.997424e-09	-9.202392e-09	-4.996900e+01	-3.018455e+02
8.490000e-06	-6.020019e-09	-9.246650e-09	-5.015700e+01	-3.029940e+02
8.500000e-06	-6.042213e-09	-9.292430e-09	-5.034150e+01	-3.041284e+02
8.510000e-06	-6.063952e-09	-9.325663e-09	-5.052206e+01	-3.052486e+02
8.520000e-06	-6.085226e-09	-9.346231e-09	-5.069881e+01	-3.063546e+02
8.530000e-06	-6.106095e-09	-9.365171e-09	-5.087230e+01	-3.074463e+02
8.540000e-06	-6.126622e-09	-9.391179e-09	-5.104308e+01	-3.085238e+02
8.550000e-06	-6.146886e-09	-9.422975e-09	-5.121181e+01	-3.095869e+02
8.560000e-06	-6.166949e-09	-9.454683e-09	-5.137889e+01	-3.106356e+02
8.570000e-06	-6.186828e-09	-9.487209e-09	-5.154449e+01	-3.116699e+02
8.580000e-06	-6.206528e-09	-9.522791e-09	-5.170851e+01	-3.126897e+02
8.590000e-06	-6.226012e-09	-9.560661e-09	-5.187068e+01	-3.136949e+02
8.600000e-06	-6.245272e-09	-9.593169e-09	-5.203089e+01	-3.146855e+02
8.610000e-06	-6.264261e-09	-9.617332e-09	-5.218881e+01	-3.156615e+02
8.620000e-06	-6.282927e-09	-9.637640e-09	-5.234409e+01	-3.166228e+02
8.630000e-06	-6.301307e-09	-9.659338e-09	-5.249695e+01	-3.175694e+02
8.640000e-06	-6.319421e-09	-9.683345e-09	-5.264768e+01	-3.185012e+02
8.650000e-06	-6.337279e-09	-9.708297e-09	-5.279642e+01	-3.194182e+02
8.660000e-06	-6.354895e-09	-9.737167e-09	-5.294318e+01	-3.203204e+02
8.670000e-06	-6.372241e-09	-9.768628e-09	-5.308750e+01	-3.212076e+02
8.680000e-06	-6.389281e-09	-9.800281e-09	-5.322918e+01	-3.220799e+02
8.690000e-06	-6.406013e-09	-9.827558e-09	-5.336833e+01	-3.229373e+02
8.700000e-06	-6.422460e-09	-9.847703e-09	-5.350523e+01	-3.237796e+02
8.710000e-06	-6.438659e-09	-9.864130e-09	-5.364016e+01	-3.246068e+02
8.720000e-06	-6.454673e-09	-9.882893e-09	-5.377351e+01	-3.254189e+02
8.730000e-06	-6.470503e-09	-9.905558e-09	-5.390539e+01	-3.262160e+02
8.740000e-06	-6.486114e-09	-9.925608e-09	-5.403549e+01	-3.269978e+02
8.750000e-06	-6.501446e-09	-9.946488e-09	-5.416323e+01	-3.277644e+02
8.760000e-06	-6.516401e-09	-9.970253e-09	-5.428764e+01	-3.285158e+02
8.770000e-06	-6.530875e-09	-9.993515e-09	-5.440777e+01	-3.292519e+02
8.780000e-06	-6.544840e-09	-1.001681e-08	-5.452357e+01	-3.299727e+02
8.790000e-06	-6.558298e-09	-1.003820e-08	-5.463516e+01	-3.306781e+02
8.800000e-06	-6.571294e-09	-1.005520e-08	-5.474298e+01	-3.313682e+02
8.810000e-06	-6.583913e-09	-1.007120e-08	-5.484774e+01	-3.320428e+02
8.820000e-06	-6.596186e-09	-1.008831e-08	-5.494968e+01	-3.327020e+02
8.830000e-06	-6.608182e-09	-1.010367e-08	-5.504943e+01	-3.333458e+02
8.840000e-06	-6.619913e-09	-1.012195e-08	-5.514706e+01	-3.339740e+02
8.850000e-06	-6.631354e-09	-1.014390e-08	-5.524219e+01	-3.345867e+02
8.860000e-06	-6.642473e-09	-1.016308e-08	-5.533458e+01	-3.351838e+02
8.870000e-06	-6.653257e-09	-1.017954e-08	-5.542424e+01	-3.357653e+02
8.880000e-06	-6.663716e-09	-1.019482e-08	-5.551128e+01	-3.363313e+02
8.890000e-06	-6.673891e-09	-1.020727e-08	-5.559599e+01	-3.368815e+02
8.900000e-06	-6.683815e-09	-1.021797e-08	-5.567867e+01	-3.374161e+02
8.910000e-06	-6.693464e-09	-1.023210e-08	-5.575908e+01	-3.379350e+02
8.920000e-06	-6.702795e-09	-1.024982e-08	-5.583678e+01	-3.384382e+02
8.930000e-06	-6.711770e-09	-1.026519e-08	-5.591145e+01	-3.389257e+02
8.940000e-06	-6.720412e-09	-1.027851e-08	-5.598335e+01	-3.393974e+02
8.950000e-06	-6.728777e-09	-1.029349e-08	-5.605299e+01	-3.398533e+02
8.960000e-06	-6.736910e-09	-1.030772e-08	-5.612082e+01	-3.402934e+02
8.970000e-06	-6.744856e-09	-1.031932e-08	-5.618724e+01	-3.407177e+02
8.980000e-06	-6.752645e-09	-1.033026e-08	-5.625230e+01	-3.411261e+02
8.990000e-06	-6.760259e-09	-1.034135e-08	-5.631569e+01	-3.415186e+02
9.000000e-06	-6.767602e-09	-1.035330e-08	-5.637669e+01	-3.418953e+02
9.010000e-06	-6.774563e-09	-1.036463e-08	-5.643453e+01	-3.422561e+02
9.020000e-06	-6.781081e-09	-1.037401e-08	-5.648873e+01	-3.426009e+02
9.030000e-06	-6.787113e-09	-1.038523e-08	-5.653871e+01	-3.429298e+02
9.040000e-06	-6.792652e-09	-1.039871e-08	-5.658444e+01	-3.432428e+02
9.050000e-06	-6.797681e-09	-1.041063e-08	-5.662612e+01	-3.435398e+02
9.060000e-06	-6.802267e-09	-1.041848e-08	-5.666425e+01	-3.438208e+02
9.070000e-06	-6.806566e-09	-1.042402e-08	-5.670010e+01	-3.440859e+02
9.080000e-06	-6.810655e-09	-1.042849e-08	-5.673433e+01	-3.443349e+02
9.090000e-06	-6.814560e-09	-1.043255e-08	-5.676702e+01	-3.445679e+02
9.100000e-06	-6.818278e-09	-1.043768e-08	-5.679814e+01	-3.447849e+02
9.110000e-06	-6.821761e-09	-1.044529e-08	-5.682725e+01	-3.449858e+02
9.120000e-06	-6.824928e-09	-1.045611e-08	-5.685370e+01	-3.451707e+02
9.130000e-06	-6.827766e-09	-1.046755e-08	-5.687738e+01	-3.453396e+02
9.140000e-06	-6.830288e-09	-1.047626e-08	-5.689835e+01	-3.454924e+02
9.150000e-06	-6.832517e-09	-1.048012e-08	-5.691693e+01	-3.456291e+02
9.160000e-06	-6.834521e-09	-1.048007e-08	-5.693371e+01	-3.457497e+02
9.170000e-06	-6.836318e-09	-1.047783e-08	-5.694866e+01	-3.458543e+02
9.180000e-06	-6.837786e-09	-1.047589e-08	-5.696067e+01	-3.459428e+02
9.190000e-06	-6.838838e-09	-1.047802e-08	-5.696911e+01	-3.460152e+02
9.200000e-06	-6.839558e-09	-1.048384e-08	-5.697484e+01	-3.460715e+02
9.210000e-06	-6.840002e-09	-1.049158e-08	-5.697843e+01	-3.461116e+02
