8.310934e-15
9.397174e-15
6.763864e-15
1.087881e-13
1.932819e-13
2.028548e-13
2.033519e-13
2.045332e-13
2.065520e-13
1.982816e-13
2.059900e-13
2.027869e-13
2.022985e-13
1.981365e-13
2.078345e-13
2.012777e-13
1.995471e-13
2.003600e-13
2.023898e-13
2.011453e-13
1.999579e-13
2.011118e-13
2.012413e-13
2.019203e-13
1.963794e-13
1.945572e-13
1.923503e-13
1.962714e-13
1.966596e-13
1.939569e-13
1.970339e-13
1.912045e-13
1.966245e-13
1.918525e-13
1.317938e-13
5.163549e-15
1.318907e-14
1.679630e-14
1.963724e-14
