# Temperatura_=_20.0
# Concentracion g/m^3_=_10000.0
# C_Vs_to_Am_M_A/Vsm_=_25649819763.59163
# pendiente_HvsI_1/m_=_3716.3
# ordenada_HvsI_A/m_=_1297.0
# frecuencia_Hz_=_108508.95518458642
# Promedio de 29 ciclos

Tiempo_(s)	Campo_(V.s)	Magnetizacion_(V.s)	Campo_(kA/m)	Magnetizacion_(A/m)
0.000000e+00	-6.849119e-09	-1.102013e-08	-5.698344e+01	-3.455360e+02
1.000000e-08	-6.849229e-09	-1.101654e-08	-5.698438e+01	-3.455393e+02
2.000000e-08	-6.849170e-09	-1.101507e-08	-5.698396e+01	-3.455266e+02
3.000000e-08	-6.848930e-09	-1.101953e-08	-5.698203e+01	-3.454978e+02
4.000000e-08	-6.848454e-09	-1.101809e-08	-5.697811e+01	-3.454529e+02
5.000000e-08	-6.847663e-09	-1.100743e-08	-5.697153e+01	-3.453920e+02
6.000000e-08	-6.846476e-09	-1.099963e-08	-5.696167e+01	-3.453150e+02
7.000000e-08	-6.844860e-09	-1.097645e-08	-5.694816e+01	-3.452219e+02
8.000000e-08	-6.842759e-09	-1.092362e-08	-5.693060e+01	-3.451128e+02
9.000000e-08	-6.840094e-09	-1.091631e-08	-5.690848e+01	-3.449876e+02
1.000000e-07	-6.836908e-09	-1.103827e-08	-5.688197e+01	-3.448464e+02
1.100000e-07	-6.833312e-09	-1.113784e-08	-5.685198e+01	-3.446892e+02
1.200000e-07	-6.829417e-09	-1.104133e-08	-5.681957e+01	-3.445159e+02
1.300000e-07	-6.825334e-09	-1.085575e-08	-5.678562e+01	-3.443266e+02
1.400000e-07	-6.821083e-09	-1.083811e-08	-5.675028e+01	-3.441213e+02
1.500000e-07	-6.816576e-09	-1.099290e-08	-5.671275e+01	-3.438999e+02
1.600000e-07	-6.811730e-09	-1.094858e-08	-5.667235e+01	-3.436626e+02
1.700000e-07	-6.806576e-09	-1.075791e-08	-5.662949e+01	-3.434093e+02
1.800000e-07	-6.801123e-09	-1.085134e-08	-5.658414e+01	-3.431400e+02
1.900000e-07	-6.795312e-09	-1.103874e-08	-5.653572e+01	-3.428548e+02
2.000000e-07	-6.789200e-09	-1.095199e-08	-5.648475e+01	-3.425536e+02
2.100000e-07	-6.782841e-09	-1.086608e-08	-5.643178e+01	-3.422365e+02
2.200000e-07	-6.776168e-09	-1.095667e-08	-5.637632e+01	-3.419035e+02
2.300000e-07	-6.769134e-09	-1.087943e-08	-5.631786e+01	-3.415545e+02
2.400000e-07	-6.761791e-09	-1.069244e-08	-5.625664e+01	-3.411897e+02
2.500000e-07	-6.754219e-09	-1.081561e-08	-5.619352e+01	-3.408090e+02
2.600000e-07	-6.746447e-09	-1.098540e-08	-5.612883e+01	-3.404125e+02
2.700000e-07	-6.738490e-09	-1.086921e-08	-5.606259e+01	-3.400001e+02
2.800000e-07	-6.730363e-09	-1.087491e-08	-5.599500e+01	-3.395719e+02
2.900000e-07	-6.722018e-09	-1.104894e-08	-5.592561e+01	-3.391280e+02
3.000000e-07	-6.713379e-09	-1.091908e-08	-5.585366e+01	-3.386682e+02
3.100000e-07	-6.704370e-09	-1.075563e-08	-5.577857e+01	-3.381927e+02
3.200000e-07	-6.694862e-09	-1.088148e-08	-5.569947e+01	-3.377015e+02
3.300000e-07	-6.684789e-09	-1.086439e-08	-5.561565e+01	-3.371945e+02
3.400000e-07	-6.674182e-09	-1.073773e-08	-5.552731e+01	-3.366719e+02
3.500000e-07	-6.663094e-09	-1.090277e-08	-5.543509e+01	-3.361336e+02
3.600000e-07	-6.651581e-09	-1.097720e-08	-5.533942e+01	-3.355797e+02
3.700000e-07	-6.639713e-09	-1.080832e-08	-5.524073e+01	-3.350102e+02
3.800000e-07	-6.627547e-09	-1.090936e-08	-5.513954e+01	-3.344251e+02
3.900000e-07	-6.615075e-09	-1.103578e-08	-5.503569e+01	-3.338245e+02
4.000000e-07	-6.602275e-09	-1.086329e-08	-5.492907e+01	-3.332083e+02
4.100000e-07	-6.589150e-09	-1.085889e-08	-5.481975e+01	-3.325766e+02
4.200000e-07	-6.575727e-09	-1.100184e-08	-5.470794e+01	-3.319294e+02
4.300000e-07	-6.562024e-09	-1.087822e-08	-5.459392e+01	-3.312669e+02
4.400000e-07	-6.548035e-09	-1.077647e-08	-5.447755e+01	-3.305889e+02
4.500000e-07	-6.533765e-09	-1.085307e-08	-5.435878e+01	-3.298955e+02
4.600000e-07	-6.519147e-09	-1.087945e-08	-5.423712e+01	-3.291868e+02
4.700000e-07	-6.504121e-09	-1.084687e-08	-5.411208e+01	-3.284628e+02
4.800000e-07	-6.488669e-09	-1.078814e-08	-5.398339e+01	-3.277235e+02
4.900000e-07	-6.472785e-09	-1.080897e-08	-5.385102e+01	-3.269689e+02
5.000000e-07	-6.456481e-09	-1.086395e-08	-5.371510e+01	-3.261992e+02
5.100000e-07	-6.439831e-09	-1.074628e-08	-5.357638e+01	-3.254143e+02
5.200000e-07	-6.422894e-09	-1.067474e-08	-5.343542e+01	-3.246142e+02
5.300000e-07	-6.405687e-09	-1.077344e-08	-5.329219e+01	-3.237990e+02
5.400000e-07	-6.388241e-09	-1.069956e-08	-5.314692e+01	-3.229688e+02
5.500000e-07	-6.370540e-09	-1.057748e-08	-5.299955e+01	-3.221236e+02
5.600000e-07	-6.352567e-09	-1.065516e-08	-5.284990e+01	-3.212634e+02
5.700000e-07	-6.334318e-09	-1.063632e-08	-5.269793e+01	-3.203882e+02
5.800000e-07	-6.315746e-09	-1.051385e-08	-5.254325e+01	-3.194982e+02
5.900000e-07	-6.296802e-09	-1.054125e-08	-5.238553e+01	-3.185932e+02
6.000000e-07	-6.277518e-09	-1.054877e-08	-5.222508e+01	-3.176735e+02
6.100000e-07	-6.257971e-09	-1.043560e-08	-5.206243e+01	-3.167390e+02
6.200000e-07	-6.238210e-09	-1.042078e-08	-5.189797e+01	-3.157897e+02
6.300000e-07	-6.218250e-09	-1.045376e-08	-5.173194e+01	-3.148258e+02
6.400000e-07	-6.198119e-09	-1.037839e-08	-5.156450e+01	-3.138472e+02
6.500000e-07	-6.177813e-09	-1.031370e-08	-5.139565e+01	-3.128540e+02
6.600000e-07	-6.157323e-09	-1.030990e-08	-5.122523e+01	-3.118463e+02
6.700000e-07	-6.136618e-09	-1.027905e-08	-5.105291e+01	-3.108241e+02
6.800000e-07	-6.115662e-09	-1.022133e-08	-5.087847e+01	-3.097874e+02
6.900000e-07	-6.094433e-09	-1.018722e-08	-5.070179e+01	-3.087363e+02
7.000000e-07	-6.072946e-09	-1.016601e-08	-5.052292e+01	-3.076708e+02
7.100000e-07	-6.051203e-09	-1.012513e-08	-5.034187e+01	-3.065911e+02
7.200000e-07	-6.029166e-09	-1.008296e-08	-5.015845e+01	-3.054970e+02
7.300000e-07	-6.006833e-09	-1.005375e-08	-4.997271e+01	-3.043888e+02
7.400000e-07	-5.984219e-09	-1.001189e-08	-4.978462e+01	-3.032664e+02
7.500000e-07	-5.961296e-09	-9.952392e-09	-4.959389e+01	-3.021299e+02
7.600000e-07	-5.938061e-09	-9.918671e-09	-4.940054e+01	-3.009794e+02
7.700000e-07	-5.914565e-09	-9.894298e-09	-4.920497e+01	-2.998148e+02
7.800000e-07	-5.890854e-09	-9.839879e-09	-4.900758e+01	-2.986363e+02
7.900000e-07	-5.866913e-09	-9.793397e-09	-4.880826e+01	-2.974439e+02
8.000000e-07	-5.842751e-09	-9.769936e-09	-4.860719e+01	-2.962377e+02
8.100000e-07	-5.818367e-09	-9.730971e-09	-4.840438e+01	-2.950177e+02
8.200000e-07	-5.793715e-09	-9.673481e-09	-4.819927e+01	-2.937840e+02
8.300000e-07	-5.768788e-09	-9.627850e-09	-4.799180e+01	-2.925366e+02
8.400000e-07	-5.743550e-09	-9.583393e-09	-4.778186e+01	-2.912756e+02
8.500000e-07	-5.717953e-09	-9.534709e-09	-4.756910e+01	-2.900010e+02
8.600000e-07	-5.691979e-09	-9.500824e-09	-4.735317e+01	-2.887130e+02
8.700000e-07	-5.665622e-09	-9.462349e-09	-4.713402e+01	-2.874115e+02
8.800000e-07	-5.638875e-09	-9.409096e-09	-4.691159e+01	-2.860967e+02
8.900000e-07	-5.611782e-09	-9.364023e-09	-4.668615e+01	-2.847686e+02
9.000000e-07	-5.584411e-09	-9.329788e-09	-4.645837e+01	-2.834272e+02
9.100000e-07	-5.556787e-09	-9.282688e-09	-4.622853e+01	-2.820726e+02
9.200000e-07	-5.528943e-09	-9.228495e-09	-4.599689e+01	-2.807049e+02
9.300000e-07	-5.500918e-09	-9.187425e-09	-4.576367e+01	-2.793242e+02
9.400000e-07	-5.472710e-09	-9.148124e-09	-4.552902e+01	-2.779304e+02
9.500000e-07	-5.444299e-09	-9.099599e-09	-4.529281e+01	-2.765238e+02
9.600000e-07	-5.415656e-09	-9.046240e-09	-4.505454e+01	-2.751043e+02
9.700000e-07	-5.386759e-09	-8.996809e-09	-4.481402e+01	-2.736719e+02
9.800000e-07	-5.357618e-09	-8.945805e-09	-4.457150e+01	-2.722269e+02
9.900000e-07	-5.328245e-09	-8.895981e-09	-4.432712e+01	-2.707692e+02
1.000000e-06	-5.298619e-09	-8.853796e-09	-4.408066e+01	-2.692988e+02
1.010000e-06	-5.268739e-09	-8.809557e-09	-4.383202e+01	-2.678160e+02
1.020000e-06	-5.238614e-09	-8.772078e-09	-4.358138e+01	-2.663207e+02
1.030000e-06	-5.208257e-09	-8.738226e-09	-4.332892e+01	-2.648130e+02
1.040000e-06	-5.177698e-09	-8.689569e-09	-4.307464e+01	-2.632930e+02
1.050000e-06	-5.146917e-09	-8.626475e-09	-4.281840e+01	-2.617608e+02
1.060000e-06	-5.115891e-09	-8.563327e-09	-4.256019e+01	-2.602163e+02
1.070000e-06	-5.084666e-09	-8.507075e-09	-4.230047e+01	-2.586598e+02
1.080000e-06	-5.053293e-09	-8.456774e-09	-4.203955e+01	-2.570912e+02
1.090000e-06	-5.021770e-09	-8.421388e-09	-4.177731e+01	-2.555107e+02
1.100000e-06	-4.990082e-09	-8.388643e-09	-4.151357e+01	-2.539183e+02
1.110000e-06	-4.958203e-09	-8.345279e-09	-4.124824e+01	-2.523141e+02
1.120000e-06	-4.926125e-09	-8.296751e-09	-4.098134e+01	-2.506981e+02
1.130000e-06	-4.893847e-09	-8.240602e-09	-4.071288e+01	-2.490705e+02
1.140000e-06	-4.861359e-09	-8.172159e-09	-4.044273e+01	-2.474313e+02
1.150000e-06	-4.828621e-09	-8.098549e-09	-4.017048e+01	-2.457806e+02
1.160000e-06	-4.795610e-09	-8.038619e-09	-3.989589e+01	-2.441185e+02
1.170000e-06	-4.762339e-09	-7.991801e-09	-3.961908e+01	-2.424449e+02
1.180000e-06	-4.728746e-09	-7.950024e-09	-3.933965e+01	-2.407602e+02
1.190000e-06	-4.694795e-09	-7.908735e-09	-3.905723e+01	-2.390642e+02
1.200000e-06	-4.660497e-09	-7.862225e-09	-3.877195e+01	-2.373571e+02
1.210000e-06	-4.625857e-09	-7.805534e-09	-3.848380e+01	-2.356389e+02
1.220000e-06	-4.590933e-09	-7.735386e-09	-3.819312e+01	-2.339098e+02
1.230000e-06	-4.555773e-09	-7.662591e-09	-3.790047e+01	-2.321698e+02
1.240000e-06	-4.520396e-09	-7.596769e-09	-3.760603e+01	-2.304190e+02
1.250000e-06	-4.484809e-09	-7.541616e-09	-3.730977e+01	-2.286575e+02
1.260000e-06	-4.449044e-09	-7.494251e-09	-3.701200e+01	-2.268854e+02
1.270000e-06	-4.413109e-09	-7.445648e-09	-3.671291e+01	-2.251027e+02
1.280000e-06	-4.377004e-09	-7.385639e-09	-3.641250e+01	-2.233095e+02
1.290000e-06	-4.340756e-09	-7.318621e-09	-3.611086e+01	-2.215060e+02
1.300000e-06	-4.304356e-09	-7.257681e-09	-3.580801e+01	-2.196921e+02
1.310000e-06	-4.267809e-09	-7.196024e-09	-3.550404e+01	-2.178680e+02
1.320000e-06	-4.231109e-09	-7.129138e-09	-3.519877e+01	-2.160338e+02
1.330000e-06	-4.194230e-09	-7.066001e-09	-3.489202e+01	-2.141895e+02
1.340000e-06	-4.157198e-09	-7.012638e-09	-3.458400e+01	-2.123353e+02
1.350000e-06	-4.120000e-09	-6.957230e-09	-3.427461e+01	-2.104712e+02
1.360000e-06	-4.082605e-09	-6.885593e-09	-3.396351e+01	-2.085972e+02
1.370000e-06	-4.044984e-09	-6.805548e-09	-3.365050e+01	-2.067136e+02
1.380000e-06	-4.007150e-09	-6.732012e-09	-3.333568e+01	-2.048204e+02
1.390000e-06	-3.969139e-09	-6.672857e-09	-3.301934e+01	-2.029176e+02
1.400000e-06	-3.930950e-09	-6.620349e-09	-3.270160e+01	-2.010054e+02
1.410000e-06	-3.892547e-09	-6.561982e-09	-3.238212e+01	-1.990839e+02
1.420000e-06	-3.853910e-09	-6.495962e-09	-3.206074e+01	-1.971531e+02
1.430000e-06	-3.815099e-09	-6.431532e-09	-3.173795e+01	-1.952131e+02
1.440000e-06	-3.776150e-09	-6.364754e-09	-3.141391e+01	-1.932640e+02
1.450000e-06	-3.737061e-09	-6.285296e-09	-3.108864e+01	-1.913059e+02
1.460000e-06	-3.697836e-09	-6.206633e-09	-3.076227e+01	-1.893390e+02
1.470000e-06	-3.658480e-09	-6.139622e-09	-3.043480e+01	-1.873632e+02
1.480000e-06	-3.618987e-09	-6.082224e-09	-3.010621e+01	-1.853787e+02
1.490000e-06	-3.579355e-09	-6.025543e-09	-2.977650e+01	-1.833856e+02
1.500000e-06	-3.539593e-09	-5.959944e-09	-2.944565e+01	-1.813839e+02
1.510000e-06	-3.499711e-09	-5.885967e-09	-2.911374e+01	-1.793739e+02
1.520000e-06	-3.459714e-09	-5.811920e-09	-2.878084e+01	-1.773554e+02
1.530000e-06	-3.419584e-09	-5.744730e-09	-2.844685e+01	-1.753287e+02
1.540000e-06	-3.379306e-09	-5.677484e-09	-2.811176e+01	-1.732939e+02
1.550000e-06	-3.338890e-09	-5.608244e-09	-2.777563e+01	-1.712510e+02
1.560000e-06	-3.298333e-09	-5.543482e-09	-2.743834e+01	-1.692001e+02
1.570000e-06	-3.257624e-09	-5.482884e-09	-2.709975e+01	-1.671413e+02
1.580000e-06	-3.216742e-09	-5.417421e-09	-2.675975e+01	-1.650748e+02
1.590000e-06	-3.175675e-09	-5.343449e-09	-2.641827e+01	-1.630006e+02
1.600000e-06	-3.134435e-09	-5.269381e-09	-2.607527e+01	-1.609188e+02
1.610000e-06	-3.092990e-09	-5.201965e-09	-2.573059e+01	-1.588295e+02
1.620000e-06	-3.051322e-09	-5.142473e-09	-2.538412e+01	-1.567328e+02
1.630000e-06	-3.009451e-09	-5.079322e-09	-2.503595e+01	-1.546289e+02
1.640000e-06	-2.967371e-09	-5.007607e-09	-2.468603e+01	-1.525177e+02
1.650000e-06	-2.925089e-09	-4.936601e-09	-2.433430e+01	-1.503994e+02
1.660000e-06	-2.882649e-09	-4.869823e-09	-2.398120e+01	-1.482742e+02
1.670000e-06	-2.840061e-09	-4.800278e-09	-2.362691e+01	-1.461420e+02
1.680000e-06	-2.797299e-09	-4.726098e-09	-2.327112e+01	-1.440030e+02
1.690000e-06	-2.754369e-09	-4.657098e-09	-2.291383e+01	-1.418574e+02
1.700000e-06	-2.711321e-09	-4.596412e-09	-2.255554e+01	-1.397051e+02
1.710000e-06	-2.668158e-09	-4.538094e-09	-2.219624e+01	-1.375463e+02
1.720000e-06	-2.624850e-09	-4.473112e-09	-2.183567e+01	-1.353812e+02
1.730000e-06	-2.581424e-09	-4.399625e-09	-2.147408e+01	-1.332097e+02
1.740000e-06	-2.537881e-09	-4.323913e-09	-2.111148e+01	-1.310320e+02
1.750000e-06	-2.494227e-09	-4.251148e-09	-2.074794e+01	-1.288482e+02
1.760000e-06	-2.450456e-09	-4.181329e-09	-2.038350e+01	-1.266585e+02
1.770000e-06	-2.406556e-09	-4.109298e-09	-2.001811e+01	-1.244628e+02
1.780000e-06	-2.362556e-09	-4.036073e-09	-1.965197e+01	-1.222613e+02
1.790000e-06	-2.318455e-09	-3.966506e-09	-1.928495e+01	-1.200542e+02
1.800000e-06	-2.274249e-09	-3.901251e-09	-1.891704e+01	-1.178414e+02
1.810000e-06	-2.229948e-09	-3.832384e-09	-1.854840e+01	-1.156232e+02
1.820000e-06	-2.185564e-09	-3.753719e-09	-1.817906e+01	-1.133996e+02
1.830000e-06	-2.141090e-09	-3.675469e-09	-1.780900e+01	-1.111707e+02
1.840000e-06	-2.096528e-09	-3.606400e-09	-1.743827e+01	-1.089366e+02
1.850000e-06	-2.051884e-09	-3.540892e-09	-1.706682e+01	-1.066975e+02
1.860000e-06	-2.007155e-09	-3.470071e-09	-1.669467e+01	-1.044534e+02
1.870000e-06	-1.962351e-09	-3.394486e-09	-1.632192e+01	-1.022044e+02
1.880000e-06	-1.917476e-09	-3.320013e-09	-1.594860e+01	-9.995069e+01
1.890000e-06	-1.872541e-09	-3.245409e-09	-1.557479e+01	-9.769230e+01
1.900000e-06	-1.827556e-09	-3.168299e-09	-1.520052e+01	-9.542937e+01
1.910000e-06	-1.782506e-09	-3.087107e-09	-1.482566e+01	-9.316199e+01
1.920000e-06	-1.737403e-09	-3.008426e-09	-1.445035e+01	-9.089028e+01
1.930000e-06	-1.692239e-09	-2.938560e-09	-1.407462e+01	-8.861433e+01
1.940000e-06	-1.646985e-09	-2.870407e-09	-1.369820e+01	-8.633425e+01
1.950000e-06	-1.601664e-09	-2.800155e-09	-1.332112e+01	-8.405016e+01
1.960000e-06	-1.556295e-09	-2.726097e-09	-1.294356e+01	-8.176215e+01
1.970000e-06	-1.510852e-09	-2.648660e-09	-1.256539e+01	-7.947033e+01
1.980000e-06	-1.465336e-09	-2.567997e-09	-1.218671e+01	-7.717480e+01
1.990000e-06	-1.419751e-09	-2.485949e-09	-1.180736e+01	-7.487568e+01
2.000000e-06	-1.374092e-09	-2.405263e-09	-1.142729e+01	-7.257308e+01
2.010000e-06	-1.328363e-09	-2.326362e-09	-1.104677e+01	-7.026709e+01
2.020000e-06	-1.282563e-09	-2.252802e-09	-1.066566e+01	-6.795783e+01
2.030000e-06	-1.236688e-09	-2.180998e-09	-1.028382e+01	-6.564540e+01
2.040000e-06	-1.190747e-09	-2.104339e-09	-9.901392e+00	-6.332991e+01
2.050000e-06	-1.144732e-09	-2.022605e-09	-9.518327e+00	-6.101147e+01
2.060000e-06	-1.098651e-09	-1.939578e-09	-9.134837e+00	-5.869018e+01
2.070000e-06	-1.052534e-09	-1.858964e-09	-8.751135e+00	-5.636616e+01
2.080000e-06	-1.006369e-09	-1.780036e-09	-8.367113e+00	-5.403951e+01
2.090000e-06	-9.601752e-10	-1.701056e-09	-7.982794e+00	-5.171034e+01
2.100000e-06	-9.139500e-10	-1.622382e-09	-7.598160e+00	-4.937876e+01
2.110000e-06	-8.676925e-10	-1.548139e-09	-7.213324e+00	-4.704487e+01
2.120000e-06	-8.214004e-10	-1.476786e-09	-6.828209e+00	-4.470879e+01
2.130000e-06	-7.750770e-10	-1.399255e-09	-6.442899e+00	-4.237063e+01
2.140000e-06	-7.287190e-10	-1.315803e-09	-6.057293e+00	-4.003048e+01
2.150000e-06	-6.823053e-10	-1.236168e-09	-5.671171e+00	-3.768847e+01
2.160000e-06	-6.358725e-10	-1.160956e-09	-5.284838e+00	-3.534470e+01
2.170000e-06	-5.894279e-10	-1.082175e-09	-4.898407e+00	-3.299928e+01
2.180000e-06	-5.429585e-10	-1.000630e-09	-4.511779e+00	-3.065231e+01
2.190000e-06	-4.964522e-10	-9.211898e-10	-4.124831e+00	-2.830392e+01
2.200000e-06	-4.499153e-10	-8.461503e-10	-3.737687e+00	-2.595419e+01
2.210000e-06	-4.033714e-10	-7.712335e-10	-3.350525e+00	-2.360326e+01
2.220000e-06	-3.567990e-10	-6.915692e-10	-2.963143e+00	-2.125122e+01
2.230000e-06	-3.101936e-10	-6.111396e-10	-2.575442e+00	-1.889818e+01
2.240000e-06	-2.635675e-10	-5.348681e-10	-2.187539e+00	-1.654426e+01
2.250000e-06	-2.169229e-10	-4.617786e-10	-1.799481e+00	-1.418956e+01
2.260000e-06	-1.702675e-10	-3.851300e-10	-1.411279e+00	-1.183419e+01
2.270000e-06	-1.236012e-10	-3.029895e-10	-1.023000e+00	-9.478266e+00
2.280000e-06	-7.693679e-11	-2.224314e-10	-6.347718e-01	-7.121892e+00
2.290000e-06	-3.026189e-11	-1.472108e-10	-2.464717e-01	-4.765179e+00
2.300000e-06	1.641995e-11	-7.263734e-11	1.418201e-01	-2.408237e+00
2.310000e-06	6.307582e-11	4.532369e-12	5.298854e-01	-5.117448e-02
2.320000e-06	1.096933e-10	7.935739e-11	9.177147e-01	2.305898e+00
2.330000e-06	1.563059e-10	1.499983e-10	1.305530e+00	4.662871e+00
2.340000e-06	2.029287e-10	2.211759e-10	1.693410e+00	7.019635e+00
2.350000e-06	2.495300e-10	2.970843e-10	2.081057e+00	9.376081e+00
2.360000e-06	2.961011e-10	3.764720e-10	2.468406e+00	1.173210e+01
2.370000e-06	3.426462e-10	4.552625e-10	2.855593e+00	1.408758e+01
2.380000e-06	3.891745e-10	5.314284e-10	3.242634e+00	1.644241e+01
2.390000e-06	4.356773e-10	6.048612e-10	3.629440e+00	1.879649e+01
2.400000e-06	4.821761e-10	6.792204e-10	4.016254e+00	2.114970e+01
2.410000e-06	5.286732e-10	7.537820e-10	4.403073e+00	2.350194e+01
2.420000e-06	5.751482e-10	8.268625e-10	4.789712e+00	2.585309e+01
2.430000e-06	6.216048e-10	8.991947e-10	5.176135e+00	2.820304e+01
2.440000e-06	6.680247e-10	9.742645e-10	5.562256e+00	3.055170e+01
2.450000e-06	7.144117e-10	1.055685e-09	5.948144e+00	3.289894e+01
2.460000e-06	7.607752e-10	1.137474e-09	6.333833e+00	3.524466e+01
2.470000e-06	8.071064e-10	1.213836e-09	6.719310e+00	3.758875e+01
2.480000e-06	8.533764e-10	1.287466e-09	7.104380e+00	3.993110e+01
2.490000e-06	8.995845e-10	1.361592e-09	7.488886e+00	4.227160e+01
2.500000e-06	9.457631e-10	1.437322e-09	7.873033e+00	4.461015e+01
2.510000e-06	9.918978e-10	1.513976e-09	8.256834e+00	4.694663e+01
2.520000e-06	1.037984e-09	1.589598e-09	8.640146e+00	4.928093e+01
2.530000e-06	1.084009e-09	1.665970e-09	9.022911e+00	5.161295e+01
2.540000e-06	1.129952e-09	1.745403e-09	9.405118e+00	5.394258e+01
2.550000e-06	1.175832e-09	1.826398e-09	9.786831e+00	5.626971e+01
2.560000e-06	1.221648e-09	1.902090e-09	1.016804e+01	5.859423e+01
2.570000e-06	1.267410e-09	1.973286e-09	1.054884e+01	6.091604e+01
2.580000e-06	1.313107e-09	2.050251e-09	1.092910e+01	6.323502e+01
2.590000e-06	1.358725e-09	2.133996e-09	1.130866e+01	6.555107e+01
2.600000e-06	1.404279e-09	2.216637e-09	1.168768e+01	6.786408e+01
2.610000e-06	1.449780e-09	2.292006e-09	1.206622e+01	7.017395e+01
2.620000e-06	1.495237e-09	2.363144e-09	1.244435e+01	7.248056e+01
2.630000e-06	1.540632e-09	2.438634e-09	1.282191e+01	7.478381e+01
2.640000e-06	1.585964e-09	2.518526e-09	1.319900e+01	7.708359e+01
2.650000e-06	1.631249e-09	2.594996e-09	1.357575e+01	7.937979e+01
2.660000e-06	1.676454e-09	2.668992e-09	1.395186e+01	8.167232e+01
2.670000e-06	1.721571e-09	2.748522e-09	1.432726e+01	8.396105e+01
2.680000e-06	1.766634e-09	2.831671e-09	1.470223e+01	8.624589e+01
2.690000e-06	1.811623e-09	2.911608e-09	1.507656e+01	8.852673e+01
2.700000e-06	1.856536e-09	2.985869e-09	1.545012e+01	9.080346e+01
2.710000e-06	1.901377e-09	3.058934e-09	1.582306e+01	9.307597e+01
2.720000e-06	1.946141e-09	3.136178e-09	1.619541e+01	9.534417e+01
2.730000e-06	1.990833e-09	3.214267e-09	1.656714e+01	9.760794e+01
2.740000e-06	2.035441e-09	3.288763e-09	1.693821e+01	9.986719e+01
2.750000e-06	2.079982e-09	3.361067e-09	1.730878e+01	1.021218e+02
2.760000e-06	2.124453e-09	3.434857e-09	1.767871e+01	1.043717e+02
2.770000e-06	2.168835e-09	3.510882e-09	1.804791e+01	1.066167e+02
2.780000e-06	2.213121e-09	3.586986e-09	1.841641e+01	1.088568e+02
2.790000e-06	2.257318e-09	3.660865e-09	1.878415e+01	1.110918e+02
2.800000e-06	2.301457e-09	3.733586e-09	1.915133e+01	1.133217e+02
2.810000e-06	2.345518e-09	3.807760e-09	1.951788e+01	1.155463e+02
2.820000e-06	2.389484e-09	3.881587e-09	1.988374e+01	1.177655e+02
2.830000e-06	2.433376e-09	3.952105e-09	2.024896e+01	1.199793e+02
2.840000e-06	2.477180e-09	4.020174e-09	2.061348e+01	1.221875e+02
2.850000e-06	2.520876e-09	4.089796e-09	2.097715e+01	1.243900e+02
2.860000e-06	2.564448e-09	4.162725e-09	2.133976e+01	1.265868e+02
2.870000e-06	2.607893e-09	4.235717e-09	2.170134e+01	1.287777e+02
2.880000e-06	2.651209e-09	4.306435e-09	2.206181e+01	1.309626e+02
2.890000e-06	2.694385e-09	4.376019e-09	2.242106e+01	1.331414e+02
2.900000e-06	2.737413e-09	4.447059e-09	2.277911e+01	1.353141e+02
2.910000e-06	2.780270e-09	4.518629e-09	2.313582e+01	1.374804e+02
2.920000e-06	2.822939e-09	4.587141e-09	2.349095e+01	1.396404e+02
2.930000e-06	2.865414e-09	4.654470e-09	2.384439e+01	1.417939e+02
2.940000e-06	2.907705e-09	4.723361e-09	2.419633e+01	1.439408e+02
2.950000e-06	2.949806e-09	4.791580e-09	2.454668e+01	1.460811e+02
2.960000e-06	2.991700e-09	4.859115e-09	2.489524e+01	1.482145e+02
2.970000e-06	3.033384e-09	4.927776e-09	2.524194e+01	1.503411e+02
2.980000e-06	3.074847e-09	4.997018e-09	2.558675e+01	1.524607e+02
2.990000e-06	3.116119e-09	5.066151e-09	2.592993e+01	1.545732e+02
3.000000e-06	3.157223e-09	5.133140e-09	2.627167e+01	1.566785e+02
3.010000e-06	3.198161e-09	5.197518e-09	2.661208e+01	1.587765e+02
3.020000e-06	3.238926e-09	5.260855e-09	2.695107e+01	1.608672e+02
3.030000e-06	3.279528e-09	5.326183e-09	2.728871e+01	1.629504e+02
3.040000e-06	3.319998e-09	5.396152e-09	2.762528e+01	1.650261e+02
3.050000e-06	3.360331e-09	5.465837e-09	2.796078e+01	1.670940e+02
3.060000e-06	3.400512e-09	5.530316e-09	2.829502e+01	1.691543e+02
3.070000e-06	3.440557e-09	5.593039e-09	2.862816e+01	1.712066e+02
3.080000e-06	3.480484e-09	5.657868e-09	2.896035e+01	1.732510e+02
3.090000e-06	3.520288e-09	5.721949e-09	2.929155e+01	1.752874e+02
3.100000e-06	3.559973e-09	5.783728e-09	2.962178e+01	1.773156e+02
3.110000e-06	3.599546e-09	5.847354e-09	2.995101e+01	1.793356e+02
3.120000e-06	3.638976e-09	5.914621e-09	3.027898e+01	1.813473e+02
3.130000e-06	3.678255e-09	5.984313e-09	3.060573e+01	1.833505e+02
3.140000e-06	3.717368e-09	6.050675e-09	3.093118e+01	1.853452e+02
3.150000e-06	3.756318e-09	6.111057e-09	3.125531e+01	1.873314e+02
3.160000e-06	3.795116e-09	6.167143e-09	3.157806e+01	1.893088e+02
3.170000e-06	3.833736e-09	6.224946e-09	3.189935e+01	1.912774e+02
3.180000e-06	3.872174e-09	6.293036e-09	3.221920e+01	1.932371e+02
3.190000e-06	3.910428e-09	6.362243e-09	3.253750e+01	1.951879e+02
3.200000e-06	3.948492e-09	6.424569e-09	3.285428e+01	1.971296e+02
3.210000e-06	3.986378e-09	6.484119e-09	3.316960e+01	1.990621e+02
3.220000e-06	4.024088e-09	6.543142e-09	3.348341e+01	2.009854e+02
3.230000e-06	4.061635e-09	6.603259e-09	3.379576e+01	2.028994e+02
3.240000e-06	4.099016e-09	6.664045e-09	3.410660e+01	2.048039e+02
3.250000e-06	4.136207e-09	6.726612e-09	3.441591e+01	2.066990e+02
3.260000e-06	4.173205e-09	6.790760e-09	3.472370e+01	2.085844e+02
3.270000e-06	4.210026e-09	6.857098e-09	3.503000e+01	2.104601e+02
3.280000e-06	4.246693e-09	6.921294e-09	3.533496e+01	2.123261e+02
3.290000e-06	4.283198e-09	6.978132e-09	3.563858e+01	2.141822e+02
3.300000e-06	4.319557e-09	7.032185e-09	3.594105e+01	2.160283e+02
3.310000e-06	4.355784e-09	7.087227e-09	3.624244e+01	2.178644e+02
3.320000e-06	4.391870e-09	7.146518e-09	3.654265e+01	2.196904e+02
3.330000e-06	4.427815e-09	7.209294e-09	3.684167e+01	2.215062e+02
3.340000e-06	4.463615e-09	7.274764e-09	3.713947e+01	2.233117e+02
3.350000e-06	4.499244e-09	7.340218e-09	3.743601e+01	2.251068e+02
3.360000e-06	4.534678e-09	7.401792e-09	3.773093e+01	2.268915e+02
3.370000e-06	4.569878e-09	7.460027e-09	3.802382e+01	2.286656e+02
3.380000e-06	4.604797e-09	7.513951e-09	3.831438e+01	2.304291e+02
3.390000e-06	4.639403e-09	7.565179e-09	3.860225e+01	2.321820e+02
3.400000e-06	4.673672e-09	7.618989e-09	3.888727e+01	2.339240e+02
3.410000e-06	4.707575e-09	7.680516e-09	3.916941e+01	2.356551e+02
3.420000e-06	4.741144e-09	7.744481e-09	3.944871e+01	2.373753e+02
3.430000e-06	4.774402e-09	7.801492e-09	3.972530e+01	2.390845e+02
3.440000e-06	4.807357e-09	7.850329e-09	3.999936e+01	2.407826e+02
3.450000e-06	4.840075e-09	7.897728e-09	4.027139e+01	2.424695e+02
3.460000e-06	4.872595e-09	7.950719e-09	4.054180e+01	2.441451e+02
3.470000e-06	4.904930e-09	8.004935e-09	4.081071e+01	2.458094e+02
3.480000e-06	4.937088e-09	8.058475e-09	4.107820e+01	2.474622e+02
3.490000e-06	4.969099e-09	8.115350e-09	4.134451e+01	2.491036e+02
3.500000e-06	5.000960e-09	8.174523e-09	4.160960e+01	2.507334e+02
3.510000e-06	5.032617e-09	8.229481e-09	4.187304e+01	2.523516e+02
3.520000e-06	5.064071e-09	8.276337e-09	4.213469e+01	2.539580e+02
3.530000e-06	5.095313e-09	8.319842e-09	4.239457e+01	2.555526e+02
3.540000e-06	5.126318e-09	8.365985e-09	4.265257e+01	2.571354e+02
3.550000e-06	5.157083e-09	8.417729e-09	4.290853e+01	2.587062e+02
3.560000e-06	5.187597e-09	8.471717e-09	4.316243e+01	2.602650e+02
3.570000e-06	5.217883e-09	8.521501e-09	4.341444e+01	2.618117e+02
3.580000e-06	5.247970e-09	8.567052e-09	4.366471e+01	2.633462e+02
3.590000e-06	5.277839e-09	8.613331e-09	4.391320e+01	2.648685e+02
3.600000e-06	5.307476e-09	8.659596e-09	4.415985e+01	2.663785e+02
3.610000e-06	5.336877e-09	8.703387e-09	4.440449e+01	2.678761e+02
3.620000e-06	5.366032e-09	8.746418e-09	4.464700e+01	2.693613e+02
3.630000e-06	5.394951e-09	8.789338e-09	4.488757e+01	2.708340e+02
3.640000e-06	5.423652e-09	8.834205e-09	4.512634e+01	2.722941e+02
3.650000e-06	5.452167e-09	8.879686e-09	4.536359e+01	2.737415e+02
3.660000e-06	5.480496e-09	8.922655e-09	4.559929e+01	2.751762e+02
3.670000e-06	5.508648e-09	8.962489e-09	4.583347e+01	2.765981e+02
3.680000e-06	5.536666e-09	9.000809e-09	4.606655e+01	2.780072e+02
3.690000e-06	5.564532e-09	9.041292e-09	4.629846e+01	2.794034e+02
3.700000e-06	5.592205e-09	9.083032e-09	4.652881e+01	2.807866e+02
3.710000e-06	5.619616e-09	9.125427e-09	4.675699e+01	2.821567e+02
3.720000e-06	5.646695e-09	9.167554e-09	4.698227e+01	2.835137e+02
3.730000e-06	5.673373e-09	9.208264e-09	4.720398e+01	2.848576e+02
3.740000e-06	5.699624e-09	9.248315e-09	4.742217e+01	2.861882e+02
3.750000e-06	5.725430e-09	9.287035e-09	4.763677e+01	2.875056e+02
3.760000e-06	5.750787e-09	9.323566e-09	4.784757e+01	2.888095e+02
3.770000e-06	5.775770e-09	9.357971e-09	4.805529e+01	2.901001e+02
3.780000e-06	5.800442e-09	9.396489e-09	4.826042e+01	2.913772e+02
3.790000e-06	5.824840e-09	9.439180e-09	4.846339e+01	2.926407e+02
3.800000e-06	5.849018e-09	9.481284e-09	4.866459e+01	2.938907e+02
3.810000e-06	5.872997e-09	9.520781e-09	4.886406e+01	2.951269e+02
3.820000e-06	5.896749e-09	9.556850e-09	4.906161e+01	2.963495e+02
3.830000e-06	5.920276e-09	9.591050e-09	4.925724e+01	2.975583e+02
3.840000e-06	5.943583e-09	9.623639e-09	4.945103e+01	2.987533e+02
3.850000e-06	5.966601e-09	9.659147e-09	4.964249e+01	2.999344e+02
3.860000e-06	5.989325e-09	9.696642e-09	4.983151e+01	3.011016e+02
3.870000e-06	6.011797e-09	9.731830e-09	5.001848e+01	3.022548e+02
3.880000e-06	6.034022e-09	9.767194e-09	5.020333e+01	3.033939e+02
3.890000e-06	6.055992e-09	9.804908e-09	5.038598e+01	3.045190e+02
3.900000e-06	6.077690e-09	9.844117e-09	5.056640e+01	3.056299e+02
3.910000e-06	6.099115e-09	9.882573e-09	5.074464e+01	3.067266e+02
3.920000e-06	6.120252e-09	9.919607e-09	5.092049e+01	3.078090e+02
3.930000e-06	6.141093e-09	9.953605e-09	5.109384e+01	3.088771e+02
3.940000e-06	6.161679e-09	9.984169e-09	5.126514e+01	3.099309e+02
3.950000e-06	6.182050e-09	1.001388e-08	5.143469e+01	3.109703e+02
3.960000e-06	6.202250e-09	1.004304e-08	5.160282e+01	3.119953e+02
3.970000e-06	6.222315e-09	1.007298e-08	5.176979e+01	3.130057e+02
3.980000e-06	6.242223e-09	1.010445e-08	5.193542e+01	3.140016e+02
3.990000e-06	6.261932e-09	1.013872e-08	5.209936e+01	3.149830e+02
4.000000e-06	6.281386e-09	1.017573e-08	5.226116e+01	3.159496e+02
4.010000e-06	6.300515e-09	1.021212e-08	5.242028e+01	3.169016e+02
4.020000e-06	6.319260e-09	1.024435e-08	5.257621e+01	3.178389e+02
4.030000e-06	6.337617e-09	1.027119e-08	5.272896e+01	3.187614e+02
4.040000e-06	6.355620e-09	1.029753e-08	5.287883e+01	3.196691e+02
4.050000e-06	6.373315e-09	1.032603e-08	5.302608e+01	3.205620e+02
4.060000e-06	6.390766e-09	1.035359e-08	5.317129e+01	3.214399e+02
4.070000e-06	6.407998e-09	1.037969e-08	5.331466e+01	3.223030e+02
4.080000e-06	6.425004e-09	1.040930e-08	5.345606e+01	3.231510e+02
4.090000e-06	6.441757e-09	1.044329e-08	5.359540e+01	3.239840e+02
4.100000e-06	6.458214e-09	1.047566e-08	5.373235e+01	3.248020e+02
4.110000e-06	6.474325e-09	1.050133e-08	5.386636e+01	3.256049e+02
4.120000e-06	6.490041e-09	1.052245e-08	5.399702e+01	3.263927e+02
4.130000e-06	6.505359e-09	1.054473e-08	5.412432e+01	3.271653e+02
4.140000e-06	6.520279e-09	1.056898e-08	5.424847e+01	3.279227e+02
4.150000e-06	6.534837e-09	1.059223e-08	5.436969e+01	3.286648e+02
4.160000e-06	6.549093e-09	1.061244e-08	5.448835e+01	3.293917e+02
4.170000e-06	6.563078e-09	1.063287e-08	5.460473e+01	3.301033e+02
4.180000e-06	6.576770e-09	1.065800e-08	5.471863e+01	3.307996e+02
4.190000e-06	6.590133e-09	1.068458e-08	5.482975e+01	3.314804e+02
4.200000e-06	6.603177e-09	1.070601e-08	5.493819e+01	3.321459e+02
4.210000e-06	6.615899e-09	1.072201e-08	5.504404e+01	3.327959e+02
4.220000e-06	6.628334e-09	1.073817e-08	5.514752e+01	3.334305e+02
4.230000e-06	6.640509e-09	1.075468e-08	5.524879e+01	3.340496e+02
4.240000e-06	6.652404e-09	1.076921e-08	5.534775e+01	3.346532e+02
4.250000e-06	6.663983e-09	1.078208e-08	5.544415e+01	3.352412e+02
4.260000e-06	6.675200e-09	1.079598e-08	5.553734e+01	3.358136e+02
4.270000e-06	6.685975e-09	1.081526e-08	5.562673e+01	3.363705e+02
4.280000e-06	6.696195e-09	1.083730e-08	5.571167e+01	3.369117e+02
4.290000e-06	6.705874e-09	1.085618e-08	5.579215e+01	3.374373e+02
4.300000e-06	6.715076e-09	1.086842e-08	5.586855e+01	3.379471e+02
4.310000e-06	6.723860e-09	1.087708e-08	5.594149e+01	3.384413e+02
4.320000e-06	6.732327e-09	1.088792e-08	5.601195e+01	3.389198e+02
4.330000e-06	6.740564e-09	1.090137e-08	5.608052e+01	3.393825e+02
4.340000e-06	6.748635e-09	1.091322e-08	5.614768e+01	3.398294e+02
4.350000e-06	6.756533e-09	1.092141e-08	5.621343e+01	3.402605e+02
4.360000e-06	6.764200e-09	1.093082e-08	5.627725e+01	3.406759e+02
4.370000e-06	6.771573e-09	1.094393e-08	5.633850e+01	3.410754e+02
4.380000e-06	6.778620e-09	1.095636e-08	5.639699e+01	3.414591e+02
4.390000e-06	6.785352e-09	1.096633e-08	5.645298e+01	3.418268e+02
4.400000e-06	6.791776e-09	1.097465e-08	5.650644e+01	3.421788e+02
4.410000e-06	6.797888e-09	1.098322e-08	5.655729e+01	3.425148e+02
4.420000e-06	6.803716e-09	1.099376e-08	5.660586e+01	3.428349e+02
4.430000e-06	6.809238e-09	1.100170e-08	5.665194e+01	3.431390e+02
4.440000e-06	6.814411e-09	1.100262e-08	5.669503e+01	3.434273e+02
4.450000e-06	6.819260e-09	1.100207e-08	5.673538e+01	3.436995e+02
4.460000e-06	6.823832e-09	1.100803e-08	5.677339e+01	3.439558e+02
4.470000e-06	6.828169e-09	1.101915e-08	5.680942e+01	3.441962e+02
4.480000e-06	6.832319e-09	1.102832e-08	5.684395e+01	3.444205e+02
4.490000e-06	6.836306e-09	1.103371e-08	5.687716e+01	3.446288e+02
4.500000e-06	6.840097e-09	1.104077e-08	5.690875e+01	3.448211e+02
4.510000e-06	6.843623e-09	1.104866e-08	5.693808e+01	3.449974e+02
4.520000e-06	6.846786e-09	1.105207e-08	5.696432e+01	3.451577e+02
4.530000e-06	6.849488e-09	1.104987e-08	5.698676e+01	3.453019e+02
4.540000e-06	6.851667e-09	1.104553e-08	5.700489e+01	3.454301e+02
4.550000e-06	6.853329e-09	1.104652e-08	5.701869e+01	3.455422e+02
4.560000e-06	6.854500e-09	1.105457e-08	5.702842e+01	3.456383e+02
4.570000e-06	6.855269e-09	1.106283e-08	5.703485e+01	3.457183e+02
4.580000e-06	6.855755e-09	1.106456e-08	5.703888e+01	3.457822e+02
4.590000e-06	6.856009e-09	1.106549e-08	5.704099e+01	3.458301e+02
4.600000e-06	6.856061e-09	1.107235e-08	5.704142e+01	3.458619e+02
4.610000e-06	6.855910e-09	1.107644e-08	5.704013e+01	3.458777e+02
4.620000e-06	6.855526e-09	1.107192e-08	5.703694e+01	3.458774e+02
4.630000e-06	6.854860e-09	1.106241e-08	5.703141e+01	3.458610e+02
4.640000e-06	6.853880e-09	1.105535e-08	5.702317e+01	3.458285e+02
4.650000e-06	6.852602e-09	1.105742e-08	5.701244e+01	3.457800e+02
4.660000e-06	6.851045e-09	1.106205e-08	5.699944e+01	3.457154e+02
4.670000e-06	6.849227e-09	1.107604e-08	5.698425e+01	3.456347e+02
4.680000e-06	6.847156e-09	1.113603e-08	5.696697e+01	3.455380e+02
4.690000e-06	6.844815e-09	1.117136e-08	5.694750e+01	3.454252e+02
4.700000e-06	6.842131e-09	1.102707e-08	5.692520e+01	3.452964e+02
4.710000e-06	6.839061e-09	1.088049e-08	5.689967e+01	3.451515e+02
4.720000e-06	6.835633e-09	1.097313e-08	5.687106e+01	3.449906e+02
4.730000e-06	6.831898e-09	1.115699e-08	5.683989e+01	3.448137e+02
4.740000e-06	6.827982e-09	1.115741e-08	5.680736e+01	3.446207e+02
4.750000e-06	6.823935e-09	1.100596e-08	5.677378e+01	3.444117e+02
4.760000e-06	6.819655e-09	1.106064e-08	5.673824e+01	3.441868e+02
4.770000e-06	6.815057e-09	1.125228e-08	5.670001e+01	3.439458e+02
4.780000e-06	6.810123e-09	1.116947e-08	5.665906e+01	3.436889e+02
4.790000e-06	6.804820e-09	1.097300e-08	5.661510e+01	3.434159e+02
4.800000e-06	6.798987e-09	1.104053e-08	5.656664e+01	3.431271e+02
4.810000e-06	6.792550e-09	1.117056e-08	5.651309e+01	3.428223e+02
4.820000e-06	6.785661e-09	1.111853e-08	5.645574e+01	3.425015e+02
4.830000e-06	6.778419e-09	1.111461e-08	5.639554e+01	3.421649e+02
4.840000e-06	6.770897e-09	1.121404e-08	5.633301e+01	3.418123e+02
4.850000e-06	6.763148e-09	1.109691e-08	5.626853e+01	3.414439e+02
4.860000e-06	6.755192e-09	1.092292e-08	5.620231e+01	3.410596e+02
4.870000e-06	6.747029e-09	1.110704e-08	5.613437e+01	3.406594e+02
4.880000e-06	6.738631e-09	1.127357e-08	5.606450e+01	3.402435e+02
4.890000e-06	6.729983e-09	1.112287e-08	5.599249e+01	3.398117e+02
4.900000e-06	6.721024e-09	1.113070e-08	5.591785e+01	3.393641e+02
4.910000e-06	6.711733e-09	1.127838e-08	5.584050e+01	3.389008e+02
4.920000e-06	6.702151e-09	1.112933e-08	5.576077e+01	3.384217e+02
4.930000e-06	6.692308e-09	1.099195e-08	5.567883e+01	3.379269e+02
4.940000e-06	6.682159e-09	1.116367e-08	5.559429e+01	3.374163e+02
4.950000e-06	6.671676e-09	1.115226e-08	5.550691e+01	3.368902e+02
4.960000e-06	6.660875e-09	1.097071e-08	5.541694e+01	3.363483e+02
4.970000e-06	6.649728e-09	1.111730e-08	5.532416e+01	3.357908e+02
4.980000e-06	6.638215e-09	1.115011e-08	5.522836e+01	3.352178e+02
4.990000e-06	6.626374e-09	1.093245e-08	5.512984e+01	3.346291e+02
5.000000e-06	6.614199e-09	1.101522e-08	5.502855e+01	3.340249e+02
5.010000e-06	6.601640e-09	1.100838e-08	5.492415e+01	3.334052e+02
5.020000e-06	6.588650e-09	1.077037e-08	5.481614e+01	3.327700e+02
5.030000e-06	6.575174e-09	1.085585e-08	5.470418e+01	3.321193e+02
5.040000e-06	6.561211e-09	1.093843e-08	5.458826e+01	3.314533e+02
5.050000e-06	6.546764e-09	1.081242e-08	5.446815e+01	3.307718e+02
5.060000e-06	6.531905e-09	1.075445e-08	5.434445e+01	3.300749e+02
5.070000e-06	6.516688e-09	1.067973e-08	5.421780e+01	3.293627e+02
5.080000e-06	6.501176e-09	1.071482e-08	5.408874e+01	3.286352e+02
5.090000e-06	6.485461e-09	1.071547e-08	5.395795e+01	3.278924e+02
5.100000e-06	6.469550e-09	1.055440e-08	5.382550e+01	3.271344e+02
5.110000e-06	6.453456e-09	1.064121e-08	5.369155e+01	3.263612e+02
5.120000e-06	6.437163e-09	1.068318e-08	5.355594e+01	3.255728e+02
5.130000e-06	6.420601e-09	1.047423e-08	5.341808e+01	3.247693e+02
5.140000e-06	6.403706e-09	1.054284e-08	5.327750e+01	3.239507e+02
5.150000e-06	6.386489e-09	1.064381e-08	5.313419e+01	3.231171e+02
5.160000e-06	6.368947e-09	1.046147e-08	5.298819e+01	3.222684e+02
5.170000e-06	6.351066e-09	1.046714e-08	5.283946e+01	3.214048e+02
5.180000e-06	6.332857e-09	1.056636e-08	5.268803e+01	3.205263e+02
5.190000e-06	6.314341e-09	1.044886e-08	5.253405e+01	3.196328e+02
5.200000e-06	6.295545e-09	1.039253e-08	5.237774e+01	3.187245e+02
5.210000e-06	6.276485e-09	1.044868e-08	5.221919e+01	3.178014e+02
5.220000e-06	6.257168e-09	1.038982e-08	5.205847e+01	3.168635e+02
5.230000e-06	6.237618e-09	1.029699e-08	5.189581e+01	3.159109e+02
5.240000e-06	6.217902e-09	1.030111e-08	5.173168e+01	3.149437e+02
5.250000e-06	6.198054e-09	1.028620e-08	5.156646e+01	3.139617e+02
5.260000e-06	6.178057e-09	1.022112e-08	5.140004e+01	3.129653e+02
5.270000e-06	6.157870e-09	1.019683e-08	5.123205e+01	3.119542e+02
5.280000e-06	6.137439e-09	1.018868e-08	5.106209e+01	3.109287e+02
5.290000e-06	6.116690e-09	1.014441e-08	5.088944e+01	3.098887e+02
5.300000e-06	6.095542e-09	1.009848e-08	5.071350e+01	3.088343e+02
5.310000e-06	6.073927e-09	1.007298e-08	5.053371e+01	3.077656e+02
5.320000e-06	6.051826e-09	1.005434e-08	5.034986e+01	3.066826e+02
5.330000e-06	6.029276e-09	1.001521e-08	5.016218e+01	3.055853e+02
5.340000e-06	6.006333e-09	9.959437e-09	4.997109e+01	3.044739e+02
5.350000e-06	5.983048e-09	9.938529e-09	4.977718e+01	3.033483e+02
5.360000e-06	5.959476e-09	9.898524e-09	4.958095e+01	3.022086e+02
5.370000e-06	5.935665e-09	9.834561e-09	4.938283e+01	3.010548e+02
5.380000e-06	5.911655e-09	9.816255e-09	4.918305e+01	2.998871e+02
5.390000e-06	5.887449e-09	9.796340e-09	4.898166e+01	2.987054e+02
5.400000e-06	5.863013e-09	9.753372e-09	4.877836e+01	2.975099e+02
5.410000e-06	5.838342e-09	9.719577e-09	4.857313e+01	2.963005e+02
5.420000e-06	5.813451e-09	9.690848e-09	4.836607e+01	2.950774e+02
5.430000e-06	5.788309e-09	9.636021e-09	4.815690e+01	2.938405e+02
5.440000e-06	5.762874e-09	9.579558e-09	4.794539e+01	2.925900e+02
5.450000e-06	5.737166e-09	9.547536e-09	4.773160e+01	2.913260e+02
5.460000e-06	5.711217e-09	9.502279e-09	4.751567e+01	2.900483e+02
5.470000e-06	5.685008e-09	9.453992e-09	4.729754e+01	2.887572e+02
5.480000e-06	5.658522e-09	9.423702e-09	4.707717e+01	2.874527e+02
5.490000e-06	5.631788e-09	9.385218e-09	4.685475e+01	2.861349e+02
5.500000e-06	5.604815e-09	9.331205e-09	4.663032e+01	2.848037e+02
5.510000e-06	5.577622e-09	9.289950e-09	4.640411e+01	2.834593e+02
5.520000e-06	5.550229e-09	9.249107e-09	4.617630e+01	2.821018e+02
5.530000e-06	5.522652e-09	9.189772e-09	4.594686e+01	2.807311e+02
5.540000e-06	5.494901e-09	9.137157e-09	4.571589e+01	2.793474e+02
5.550000e-06	5.466961e-09	9.097535e-09	4.548338e+01	2.779507e+02
5.560000e-06	5.438830e-09	9.051709e-09	4.524931e+01	2.765411e+02
5.570000e-06	5.410468e-09	8.995390e-09	4.501339e+01	2.751187e+02
5.580000e-06	5.381805e-09	8.947050e-09	4.477511e+01	2.736834e+02
5.590000e-06	5.352782e-09	8.900612e-09	4.453387e+01	2.722355e+02
5.600000e-06	5.323392e-09	8.849917e-09	4.428938e+01	2.707749e+02
5.610000e-06	5.293636e-09	8.802394e-09	4.404181e+01	2.693017e+02
5.620000e-06	5.263522e-09	8.746567e-09	4.379142e+01	2.678160e+02
5.630000e-06	5.233058e-09	8.688068e-09	4.353819e+01	2.663179e+02
5.640000e-06	5.202263e-09	8.640549e-09	4.328199e+01	2.648074e+02
5.650000e-06	5.171180e-09	8.596376e-09	4.302322e+01	2.632846e+02
5.660000e-06	5.139843e-09	8.539435e-09	4.276239e+01	2.617496e+02
5.670000e-06	5.108283e-09	8.481538e-09	4.249977e+01	2.602024e+02
5.680000e-06	5.076508e-09	8.431318e-09	4.223537e+01	2.586432e+02
5.690000e-06	5.044533e-09	8.375395e-09	4.196932e+01	2.570719e+02
5.700000e-06	5.012416e-09	8.313973e-09	4.170208e+01	2.554886e+02
5.710000e-06	4.980147e-09	8.255164e-09	4.143347e+01	2.538935e+02
5.720000e-06	4.947666e-09	8.206576e-09	4.116310e+01	2.522866e+02
5.730000e-06	4.914965e-09	8.163059e-09	4.089096e+01	2.506680e+02
5.740000e-06	4.882050e-09	8.114981e-09	4.061696e+01	2.490378e+02
5.750000e-06	4.848907e-09	8.054662e-09	4.034108e+01	2.473959e+02
5.760000e-06	4.815536e-09	7.987783e-09	4.006335e+01	2.457426e+02
5.770000e-06	4.781953e-09	7.925869e-09	3.978389e+01	2.440779e+02
5.780000e-06	4.748146e-09	7.867972e-09	3.950263e+01	2.424018e+02
5.790000e-06	4.714098e-09	7.813739e-09	3.921941e+01	2.407145e+02
5.800000e-06	4.679795e-09	7.760605e-09	3.893405e+01	2.390159e+02
5.810000e-06	4.645267e-09	7.707096e-09	3.864682e+01	2.373063e+02
5.820000e-06	4.610562e-09	7.649813e-09	3.835808e+01	2.355857e+02
5.830000e-06	4.575661e-09	7.587703e-09	3.806765e+01	2.338541e+02
5.840000e-06	4.540569e-09	7.523506e-09	3.777559e+01	2.321116e+02
5.850000e-06	4.505318e-09	7.461658e-09	3.748227e+01	2.303584e+02
5.860000e-06	4.469905e-09	7.406832e-09	3.718755e+01	2.285945e+02
5.870000e-06	4.434345e-09	7.354716e-09	3.689151e+01	2.268199e+02
5.880000e-06	4.398641e-09	7.300828e-09	3.659429e+01	2.250348e+02
5.890000e-06	4.362773e-09	7.241172e-09	3.629570e+01	2.232393e+02
5.900000e-06	4.326749e-09	7.174946e-09	3.599585e+01	2.214334e+02
5.910000e-06	4.290582e-09	7.107809e-09	3.569491e+01	2.196172e+02
5.920000e-06	4.254246e-09	7.048609e-09	3.539262e+01	2.177908e+02
5.930000e-06	4.217716e-09	6.996553e-09	3.508875e+01	2.159543e+02
5.940000e-06	4.180958e-09	6.945166e-09	3.478306e+01	2.141077e+02
5.950000e-06	4.143965e-09	6.893912e-09	3.447537e+01	2.122512e+02
5.960000e-06	4.106722e-09	6.839217e-09	3.416559e+01	2.103849e+02
5.970000e-06	4.069198e-09	6.776081e-09	3.385354e+01	2.085088e+02
5.980000e-06	4.031397e-09	6.706249e-09	3.353919e+01	2.066230e+02
5.990000e-06	3.993327e-09	6.636494e-09	3.322258e+01	2.047276e+02
6.000000e-06	3.954964e-09	6.570295e-09	3.290352e+01	2.028226e+02
6.010000e-06	3.916324e-09	6.511352e-09	3.258203e+01	2.009083e+02
6.020000e-06	3.877450e-09	6.459035e-09	3.225844e+01	1.989846e+02
6.030000e-06	3.838357e-09	6.406298e-09	3.193302e+01	1.970517e+02
6.040000e-06	3.799066e-09	6.351258e-09	3.160600e+01	1.951097e+02
6.050000e-06	3.759587e-09	6.291883e-09	3.127743e+01	1.931586e+02
6.060000e-06	3.719938e-09	6.223833e-09	3.094742e+01	1.911985e+02
6.070000e-06	3.680132e-09	6.147120e-09	3.061615e+01	1.892295e+02
6.080000e-06	3.640194e-09	6.072787e-09	3.028383e+01	1.872517e+02
6.090000e-06	3.600154e-09	6.008780e-09	2.995069e+01	1.852653e+02
6.100000e-06	3.560013e-09	5.951099e-09	2.961677e+01	1.832702e+02
6.110000e-06	3.519761e-09	5.894083e-09	2.928186e+01	1.812666e+02
6.120000e-06	3.479377e-09	5.834930e-09	2.894576e+01	1.792547e+02
6.130000e-06	3.438854e-09	5.773050e-09	2.860862e+01	1.772343e+02
6.140000e-06	3.398205e-09	5.705696e-09	2.827040e+01	1.752058e+02
6.150000e-06	3.357432e-09	5.632662e-09	2.793112e+01	1.731691e+02
6.160000e-06	3.316525e-09	5.553716e-09	2.759077e+01	1.711244e+02
6.170000e-06	3.275462e-09	5.476209e-09	2.724916e+01	1.690717e+02
6.180000e-06	3.234244e-09	5.410477e-09	2.690631e+01	1.670112e+02
6.190000e-06	3.192887e-09	5.352114e-09	2.656222e+01	1.649429e+02
6.200000e-06	3.151374e-09	5.292264e-09	2.621674e+01	1.628670e+02
6.210000e-06	3.109704e-09	5.225845e-09	2.586996e+01	1.607835e+02
6.220000e-06	3.067883e-09	5.153121e-09	2.552190e+01	1.586925e+02
6.230000e-06	3.025906e-09	5.078192e-09	2.517262e+01	1.565942e+02
6.240000e-06	2.983769e-09	5.004959e-09	2.482206e+01	1.544885e+02
6.250000e-06	2.941483e-09	4.930343e-09	2.447025e+01	1.523758e+02
6.260000e-06	2.899076e-09	4.851175e-09	2.411745e+01	1.502559e+02
6.270000e-06	2.856557e-09	4.778707e-09	2.376369e+01	1.481291e+02
6.280000e-06	2.813916e-09	4.714527e-09	2.340892e+01	1.459954e+02
6.290000e-06	2.771162e-09	4.645841e-09	2.305322e+01	1.438549e+02
6.300000e-06	2.728317e-09	4.574596e-09	2.269678e+01	1.417077e+02
6.310000e-06	2.685390e-09	4.503090e-09	2.233967e+01	1.395539e+02
6.320000e-06	2.642367e-09	4.428595e-09	2.198171e+01	1.373937e+02
6.330000e-06	2.599230e-09	4.355297e-09	2.162280e+01	1.352271e+02
6.340000e-06	2.555991e-09	4.281452e-09	2.126297e+01	1.330542e+02
6.350000e-06	2.512657e-09	4.203821e-09	2.090235e+01	1.308752e+02
6.360000e-06	2.469243e-09	4.126437e-09	2.054107e+01	1.286900e+02
6.370000e-06	2.425747e-09	4.054966e-09	2.017902e+01	1.264989e+02
6.380000e-06	2.382159e-09	3.986501e-09	1.981621e+01	1.243019e+02
6.390000e-06	2.338473e-09	3.915383e-09	1.945262e+01	1.220992e+02
6.400000e-06	2.294698e-09	3.843002e-09	1.908833e+01	1.198907e+02
6.410000e-06	2.250846e-09	3.769540e-09	1.872343e+01	1.176767e+02
6.420000e-06	2.206921e-09	3.693920e-09	1.835792e+01	1.154573e+02
6.430000e-06	2.162901e-09	3.617961e-09	1.799171e+01	1.132325e+02
6.440000e-06	2.118764e-09	3.543542e-09	1.762457e+01	1.110024e+02
6.450000e-06	2.074533e-09	3.469876e-09	1.725659e+01	1.087672e+02
6.460000e-06	2.030227e-09	3.395511e-09	1.688798e+01	1.065269e+02
6.470000e-06	1.985860e-09	3.322752e-09	1.651889e+01	1.042817e+02
6.480000e-06	1.941423e-09	3.251580e-09	1.614920e+01	1.020317e+02
6.490000e-06	1.896917e-09	3.179685e-09	1.577893e+01	9.977687e+01
6.500000e-06	1.852353e-09	3.106817e-09	1.540824e+01	9.751745e+01
6.510000e-06	1.807706e-09	3.030999e-09	1.503687e+01	9.525351e+01
6.520000e-06	1.762994e-09	2.957013e-09	1.466489e+01	9.298515e+01
6.530000e-06	1.718217e-09	2.888396e-09	1.429238e+01	9.071247e+01
6.540000e-06	1.673355e-09	2.817814e-09	1.391922e+01	8.843558e+01
6.550000e-06	1.628441e-09	2.743398e-09	1.354562e+01	8.615460e+01
6.560000e-06	1.583474e-09	2.670412e-09	1.317152e+01	8.386961e+01
6.570000e-06	1.538428e-09	2.595256e-09	1.279673e+01	8.158073e+01
6.580000e-06	1.493319e-09	2.522898e-09	1.242130e+01	7.928807e+01
6.590000e-06	1.448160e-09	2.459062e-09	1.204544e+01	7.699173e+01
6.600000e-06	1.402918e-09	2.389861e-09	1.166892e+01	7.469183e+01
6.610000e-06	1.357586e-09	2.315271e-09	1.129174e+01	7.238845e+01
6.620000e-06	1.312197e-09	2.239052e-09	1.091412e+01	7.008172e+01
6.630000e-06	1.266757e-09	2.159007e-09	1.053602e+01	6.777174e+01
6.640000e-06	1.221261e-09	2.080047e-09	1.015745e+01	6.545862e+01
6.650000e-06	1.175707e-09	2.005213e-09	9.778442e+00	6.314246e+01
6.660000e-06	1.130098e-09	1.938843e-09	9.399033e+00	6.082337e+01
6.670000e-06	1.084428e-09	1.878119e-09	9.019165e+00	5.850147e+01
6.680000e-06	1.038708e-09	1.816655e-09	8.638727e+00	5.617685e+01
6.690000e-06	9.929361e-10	1.745697e-09	8.257894e+00	5.384964e+01
6.700000e-06	9.471443e-10	1.661391e-09	7.876986e+00	5.151992e+01
6.710000e-06	9.013532e-10	1.573173e-09	7.495933e+00	4.918782e+01
6.720000e-06	8.555304e-10	1.486150e-09	7.114587e+00	4.685344e+01
6.730000e-06	8.096597e-10	1.407150e-09	6.732969e+00	4.451689e+01
6.740000e-06	7.637169e-10	1.337914e-09	6.350820e+00	4.217828e+01
6.750000e-06	7.177265e-10	1.278015e-09	5.968318e+00	3.983771e+01
6.760000e-06	6.717275e-10	1.220102e-09	5.585687e+00	3.749531e+01
6.770000e-06	6.257080e-10	1.150677e-09	5.202740e+00	3.515116e+01
6.780000e-06	5.796718e-10	1.067974e-09	4.819661e+00	3.280539e+01
6.790000e-06	5.336177e-10	9.741306e-10	4.436501e+00	3.045811e+01
6.800000e-06	4.875112e-10	8.808730e-10	4.052984e+00	2.810941e+01
6.810000e-06	4.413791e-10	7.982911e-10	3.669177e+00	2.575942e+01
6.820000e-06	3.952441e-10	7.267360e-10	3.285215e+00	2.340824e+01
6.830000e-06	3.490994e-10	6.591911e-10	2.901110e+00	2.105598e+01
6.840000e-06	3.029336e-10	5.907392e-10	2.516914e+00	1.870275e+01
6.850000e-06	2.567426e-10	5.225335e-10	2.132547e+00	1.634865e+01
6.860000e-06	2.105138e-10	4.482220e-10	1.747976e+00	1.399381e+01
6.870000e-06	1.642878e-10	3.622541e-10	1.363527e+00	1.163832e+01
6.880000e-06	1.180771e-10	2.673358e-10	9.790334e-01	9.282297e+00
6.890000e-06	7.185074e-11	1.790373e-10	5.943943e-01	6.925852e+00
6.900000e-06	2.564239e-11	1.035613e-10	2.099409e-01	4.569094e+00
6.910000e-06	-2.056159e-11	3.172150e-11	-1.744947e-01	2.212131e+00
6.920000e-06	-6.676322e-11	-4.240367e-11	-5.589341e-01	-1.449271e-01
6.930000e-06	-1.129532e-10	-1.200596e-10	-9.432807e-01	-2.501970e+00
6.940000e-06	-1.591367e-10	-1.953799e-10	-1.327645e+00	-4.858889e+00
6.950000e-06	-2.053027e-10	-2.698350e-10	-1.711832e+00	-7.215573e+00
6.960000e-06	-2.514528e-10	-3.488829e-10	-2.095825e+00	-9.571915e+00
6.970000e-06	-2.975862e-10	-4.329796e-10	-2.479677e+00	-1.192780e+01
6.980000e-06	-3.436972e-10	-5.161151e-10	-2.863440e+00	-1.428313e+01
6.990000e-06	-3.897950e-10	-5.943480e-10	-3.247113e+00	-1.663778e+01
7.000000e-06	-4.358832e-10	-6.714712e-10	-3.630570e+00	-1.899165e+01
7.010000e-06	-4.819487e-10	-7.463710e-10	-4.013808e+00	-2.134464e+01
7.020000e-06	-5.280134e-10	-8.203882e-10	-4.397056e+00	-2.369662e+01
7.030000e-06	-5.740709e-10	-8.925827e-10	-4.780283e+00	-2.604749e+01
7.040000e-06	-6.201049e-10	-9.646062e-10	-5.163248e+00	-2.839714e+01
7.050000e-06	-6.660868e-10	-1.040561e-09	-5.545772e+00	-3.074546e+01
7.060000e-06	-7.120201e-10	-1.119524e-09	-5.927976e+00	-3.309235e+01
7.070000e-06	-7.579320e-10	-1.200714e-09	-6.309996e+00	-3.543769e+01
7.080000e-06	-8.038136e-10	-1.280212e-09	-6.691776e+00	-3.778138e+01
7.090000e-06	-8.496755e-10	-1.357621e-09	-7.073418e+00	-4.012330e+01
7.100000e-06	-8.954850e-10	-1.434710e-09	-7.454594e+00	-4.246334e+01
7.110000e-06	-9.412269e-10	-1.512701e-09	-7.835166e+00	-4.480141e+01
7.120000e-06	-9.869248e-10	-1.588870e-09	-8.215445e+00	-4.713738e+01
7.130000e-06	-1.032575e-09	-1.658170e-09	-8.595309e+00	-4.947116e+01
7.140000e-06	-1.078169e-09	-1.724600e-09	-8.974616e+00	-5.180263e+01
7.150000e-06	-1.123725e-09	-1.796715e-09	-9.353654e+00	-5.413168e+01
7.160000e-06	-1.169220e-09	-1.872971e-09	-9.732238e+00	-5.645820e+01
7.170000e-06	-1.214636e-09	-1.950345e-09	-1.011017e+01	-5.878210e+01
7.180000e-06	-1.259994e-09	-2.024797e-09	-1.048758e+01	-6.110325e+01
7.190000e-06	-1.305299e-09	-2.094368e-09	-1.086453e+01	-6.342156e+01
7.200000e-06	-1.350551e-09	-2.169371e-09	-1.124102e+01	-6.573691e+01
7.210000e-06	-1.395731e-09	-2.247777e-09	-1.161694e+01	-6.804919e+01
7.220000e-06	-1.440856e-09	-2.324383e-09	-1.199244e+01	-7.035830e+01
7.230000e-06	-1.485938e-09	-2.399721e-09	-1.236751e+01	-7.266414e+01
7.240000e-06	-1.530968e-09	-2.475266e-09	-1.274202e+01	-7.496659e+01
7.250000e-06	-1.575921e-09	-2.553867e-09	-1.311590e+01	-7.726554e+01
7.260000e-06	-1.620782e-09	-2.620037e-09	-1.348909e+01	-7.956090e+01
7.270000e-06	-1.665581e-09	-2.673833e-09	-1.386180e+01	-8.185255e+01
7.280000e-06	-1.710329e-09	-2.729354e-09	-1.423415e+01	-8.414038e+01
7.290000e-06	-1.755015e-09	-2.797406e-09	-1.460594e+01	-8.642430e+01
7.300000e-06	-1.799635e-09	-2.883881e-09	-1.497710e+01	-8.870419e+01
7.310000e-06	-1.844171e-09	-2.977018e-09	-1.534758e+01	-9.097995e+01
7.320000e-06	-1.888613e-09	-3.065663e-09	-1.571728e+01	-9.325147e+01
7.330000e-06	-1.932983e-09	-3.136751e-09	-1.608638e+01	-9.551865e+01
7.340000e-06	-1.977291e-09	-3.192770e-09	-1.645505e+01	-9.778138e+01
7.350000e-06	-2.021510e-09	-3.241694e-09	-1.682301e+01	-1.000396e+02
7.360000e-06	-2.065635e-09	-3.293697e-09	-1.719019e+01	-1.022931e+02
7.370000e-06	-2.109684e-09	-3.360440e-09	-1.755669e+01	-1.045418e+02
7.380000e-06	-2.153652e-09	-3.439354e-09	-1.792247e+01	-1.067857e+02
7.390000e-06	-2.197530e-09	-3.531196e-09	-1.828757e+01	-1.090246e+02
7.400000e-06	-2.241326e-09	-3.627186e-09	-1.865202e+01	-1.112585e+02
7.410000e-06	-2.285043e-09	-3.710660e-09	-1.901586e+01	-1.134871e+02
7.420000e-06	-2.328701e-09	-3.769441e-09	-1.937915e+01	-1.157105e+02
7.430000e-06	-2.372287e-09	-3.815982e-09	-1.974186e+01	-1.179285e+02
7.440000e-06	-2.415775e-09	-3.868901e-09	-2.010372e+01	-1.201410e+02
7.450000e-06	-2.459180e-09	-3.930237e-09	-2.046486e+01	-1.223479e+02
7.460000e-06	-2.502517e-09	-4.003185e-09	-2.082548e+01	-1.245491e+02
7.470000e-06	-2.545774e-09	-4.085615e-09	-2.118543e+01	-1.267445e+02
7.480000e-06	-2.588942e-09	-4.175788e-09	-2.154459e+01	-1.289340e+02
7.490000e-06	-2.632000e-09	-4.263174e-09	-2.190283e+01	-1.311175e+02
7.500000e-06	-2.674955e-09	-4.336172e-09	-2.226016e+01	-1.332949e+02
7.510000e-06	-2.717809e-09	-4.393230e-09	-2.261667e+01	-1.354661e+02
7.520000e-06	-2.760539e-09	-4.443398e-09	-2.297222e+01	-1.376310e+02
7.530000e-06	-2.803157e-09	-4.501894e-09	-2.332685e+01	-1.397895e+02
7.540000e-06	-2.845654e-09	-4.570607e-09	-2.368043e+01	-1.419415e+02
7.550000e-06	-2.888004e-09	-4.648993e-09	-2.403287e+01	-1.440869e+02
7.560000e-06	-2.930214e-09	-4.732418e-09	-2.438419e+01	-1.462256e+02
7.570000e-06	-2.972284e-09	-4.815285e-09	-2.473428e+01	-1.483574e+02
7.580000e-06	-3.014207e-09	-4.895707e-09	-2.508318e+01	-1.504824e+02
7.590000e-06	-3.055980e-09	-4.967780e-09	-2.543082e+01	-1.526003e+02
7.600000e-06	-3.097603e-09	-5.024621e-09	-2.577714e+01	-1.547112e+02
7.610000e-06	-3.139080e-09	-5.075236e-09	-2.612234e+01	-1.568148e+02
7.620000e-06	-3.180388e-09	-5.137088e-09	-2.646622e+01	-1.589112e+02
7.630000e-06	-3.221551e-09	-5.210657e-09	-2.680883e+01	-1.610002e+02
7.640000e-06	-3.262595e-09	-5.292266e-09	-2.715035e+01	-1.630816e+02
7.650000e-06	-3.303516e-09	-5.373259e-09	-2.749083e+01	-1.651555e+02
7.660000e-06	-3.344319e-09	-5.448977e-09	-2.783026e+01	-1.672217e+02
7.670000e-06	-3.384980e-09	-5.517431e-09	-2.816851e+01	-1.692801e+02
7.680000e-06	-3.425502e-09	-5.572801e-09	-2.850568e+01	-1.713307e+02
7.690000e-06	-3.465892e-09	-5.623556e-09	-2.884177e+01	-1.733732e+02
7.700000e-06	-3.506152e-09	-5.677647e-09	-2.917676e+01	-1.754077e+02
7.710000e-06	-3.546277e-09	-5.741416e-09	-2.951065e+01	-1.774341e+02
7.720000e-06	-3.586283e-09	-5.813851e-09	-2.984357e+01	-1.794521e+02
7.730000e-06	-3.626195e-09	-5.894777e-09	-3.017571e+01	-1.814619e+02
7.740000e-06	-3.665973e-09	-5.974806e-09	-3.050684e+01	-1.834631e+02
7.750000e-06	-3.705622e-09	-6.037579e-09	-3.083685e+01	-1.854559e+02
7.760000e-06	-3.745149e-09	-6.090152e-09	-3.116577e+01	-1.874400e+02
7.770000e-06	-3.784496e-09	-6.140625e-09	-3.149319e+01	-1.894154e+02
7.780000e-06	-3.823657e-09	-6.195319e-09	-3.181904e+01	-1.913820e+02
7.790000e-06	-3.862619e-09	-6.252021e-09	-3.214324e+01	-1.933397e+02
7.800000e-06	-3.901325e-09	-6.310599e-09	-3.246536e+01	-1.952883e+02
7.810000e-06	-3.939777e-09	-6.378833e-09	-3.278533e+01	-1.972279e+02
7.820000e-06	-3.978003e-09	-6.453730e-09	-3.310323e+01	-1.991584e+02
7.830000e-06	-4.015973e-09	-6.524574e-09	-3.341896e+01	-2.010795e+02
7.840000e-06	-4.053642e-09	-6.583046e-09	-3.373227e+01	-2.029913e+02
7.850000e-06	-4.091033e-09	-6.636830e-09	-3.404328e+01	-2.048937e+02
7.860000e-06	-4.128168e-09	-6.689672e-09	-3.435216e+01	-2.067865e+02
7.870000e-06	-4.165062e-09	-6.738906e-09	-3.465906e+01	-2.086697e+02
7.880000e-06	-4.201724e-09	-6.785734e-09	-3.496412e+01	-2.105432e+02
7.890000e-06	-4.238147e-09	-6.837429e-09	-3.526722e+01	-2.124069e+02
7.900000e-06	-4.274372e-09	-6.901601e-09	-3.556867e+01	-2.142607e+02
7.910000e-06	-4.310448e-09	-6.970417e-09	-3.586883e+01	-2.161045e+02
7.920000e-06	-4.346382e-09	-7.035259e-09	-3.616780e+01	-2.179383e+02
7.930000e-06	-4.382181e-09	-7.092867e-09	-3.646563e+01	-2.197620e+02
7.940000e-06	-4.417833e-09	-7.145985e-09	-3.676224e+01	-2.215754e+02
7.950000e-06	-4.453318e-09	-7.195530e-09	-3.705745e+01	-2.233785e+02
7.960000e-06	-4.488636e-09	-7.239368e-09	-3.735127e+01	-2.251712e+02
7.970000e-06	-4.523774e-09	-7.284671e-09	-3.764360e+01	-2.269535e+02
7.980000e-06	-4.558725e-09	-7.339438e-09	-3.793427e+01	-2.287252e+02
7.990000e-06	-4.593474e-09	-7.403706e-09	-3.822326e+01	-2.304862e+02
8.000000e-06	-4.628007e-09	-7.468863e-09	-3.851045e+01	-2.322366e+02
8.010000e-06	-4.662331e-09	-7.528078e-09	-3.879581e+01	-2.339761e+02
8.020000e-06	-4.696459e-09	-7.580117e-09	-3.907957e+01	-2.357047e+02
8.030000e-06	-4.730358e-09	-7.626028e-09	-3.936156e+01	-2.374224e+02
8.040000e-06	-4.764027e-09	-7.671086e-09	-3.964159e+01	-2.391290e+02
8.050000e-06	-4.797456e-09	-7.719747e-09	-3.991961e+01	-2.408245e+02
8.060000e-06	-4.830641e-09	-7.770726e-09	-4.019571e+01	-2.425088e+02
8.070000e-06	-4.863641e-09	-7.822598e-09	-4.047023e+01	-2.441818e+02
8.080000e-06	-4.896431e-09	-7.877564e-09	-4.074288e+01	-2.458435e+02
8.090000e-06	-4.928992e-09	-7.933737e-09	-4.101366e+01	-2.474937e+02
8.100000e-06	-4.961359e-09	-7.988722e-09	-4.128283e+01	-2.491324e+02
8.110000e-06	-4.993544e-09	-8.042566e-09	-4.155050e+01	-2.507596e+02
8.120000e-06	-5.025544e-09	-8.093364e-09	-4.181676e+01	-2.523750e+02
8.130000e-06	-5.057375e-09	-8.142282e-09	-4.208167e+01	-2.539787e+02
8.140000e-06	-5.089028e-09	-8.189711e-09	-4.234508e+01	-2.555706e+02
8.150000e-06	-5.120480e-09	-8.235700e-09	-4.260668e+01	-2.571507e+02
8.160000e-06	-5.151700e-09	-8.282143e-09	-4.286639e+01	-2.587187e+02
8.170000e-06	-5.182635e-09	-8.331553e-09	-4.312380e+01	-2.602747e+02
8.180000e-06	-5.213255e-09	-8.386512e-09	-4.337849e+01	-2.618186e+02
8.190000e-06	-5.243513e-09	-8.446468e-09	-4.363009e+01	-2.633504e+02
8.200000e-06	-5.273348e-09	-8.505207e-09	-4.387820e+01	-2.648698e+02
8.210000e-06	-5.302789e-09	-8.557536e-09	-4.412308e+01	-2.663770e+02
8.220000e-06	-5.331868e-09	-8.604085e-09	-4.436496e+01	-2.678718e+02
8.230000e-06	-5.360621e-09	-8.645085e-09	-4.460407e+01	-2.693541e+02
8.240000e-06	-5.389114e-09	-8.680295e-09	-4.484104e+01	-2.708239e+02
8.250000e-06	-5.417374e-09	-8.715863e-09	-4.507618e+01	-2.722810e+02
8.260000e-06	-5.445436e-09	-8.762267e-09	-4.530970e+01	-2.737256e+02
8.270000e-06	-5.473333e-09	-8.818886e-09	-4.554183e+01	-2.751573e+02
8.280000e-06	-5.501083e-09	-8.876708e-09	-4.577270e+01	-2.765763e+02
8.290000e-06	-5.528662e-09	-8.930895e-09	-4.600218e+01	-2.779824e+02
8.300000e-06	-5.556038e-09	-8.980631e-09	-4.622995e+01	-2.793756e+02
8.310000e-06	-5.583183e-09	-9.026871e-09	-4.645571e+01	-2.807558e+02
8.320000e-06	-5.610070e-09	-9.067037e-09	-4.667934e+01	-2.821229e+02
8.330000e-06	-5.636714e-09	-9.100937e-09	-4.690099e+01	-2.834770e+02
8.340000e-06	-5.663100e-09	-9.136535e-09	-4.712053e+01	-2.848178e+02
8.350000e-06	-5.689208e-09	-9.178654e-09	-4.733777e+01	-2.861454e+02
8.360000e-06	-5.715069e-09	-9.224767e-09	-4.755292e+01	-2.874596e+02
8.370000e-06	-5.740652e-09	-9.271732e-09	-4.776580e+01	-2.887605e+02
8.380000e-06	-5.765944e-09	-9.319650e-09	-4.797615e+01	-2.900480e+02
8.390000e-06	-5.790951e-09	-9.367732e-09	-4.818409e+01	-2.913219e+02
8.400000e-06	-5.815671e-09	-9.411286e-09	-4.838973e+01	-2.925824e+02
8.410000e-06	-5.840140e-09	-9.447310e-09	-4.859335e+01	-2.938292e+02
8.420000e-06	-5.864387e-09	-9.477248e-09	-4.879517e+01	-2.950623e+02
8.430000e-06	-5.888463e-09	-9.506722e-09	-4.899547e+01	-2.962817e+02
8.440000e-06	-5.912391e-09	-9.541892e-09	-4.919456e+01	-2.974874e+02
8.450000e-06	-5.936152e-09	-9.579934e-09	-4.939225e+01	-2.986792e+02
8.460000e-06	-5.959705e-09	-9.618768e-09	-4.958816e+01	-2.998571e+02
8.470000e-06	-5.983012e-09	-9.661014e-09	-4.978192e+01	-3.010210e+02
8.480000e-06	-6.006018e-09	-9.705573e-09	-4.997305e+01	-3.021710e+02
8.490000e-06	-6.028663e-09	-9.746460e-09	-5.016124e+01	-3.033069e+02
8.500000e-06	-6.050888e-09	-9.778740e-09	-5.034594e+01	-3.044287e+02
8.510000e-06	-6.072639e-09	-9.806739e-09	-5.052666e+01	-3.055363e+02
8.520000e-06	-6.093926e-09	-9.835298e-09	-5.070358e+01	-3.066298e+02
8.530000e-06	-6.114804e-09	-9.865017e-09	-5.087716e+01	-3.077089e+02
8.540000e-06	-6.135343e-09	-9.896430e-09	-5.104799e+01	-3.087738e+02
8.550000e-06	-6.155601e-09	-9.929362e-09	-5.121657e+01	-3.098243e+02
8.560000e-06	-6.175659e-09	-9.962782e-09	-5.138347e+01	-3.108603e+02
8.570000e-06	-6.195552e-09	-9.996622e-09	-5.154900e+01	-3.118820e+02
8.580000e-06	-6.215276e-09	-1.003028e-08	-5.171307e+01	-3.128891e+02
8.590000e-06	-6.234809e-09	-1.005967e-08	-5.187549e+01	-3.138816e+02
8.600000e-06	-6.254073e-09	-1.008691e-08	-5.203571e+01	-3.148596e+02
8.610000e-06	-6.273040e-09	-1.011535e-08	-5.219351e+01	-3.158229e+02
8.620000e-06	-6.291725e-09	-1.014334e-08	-5.234903e+01	-3.167715e+02
8.630000e-06	-6.310115e-09	-1.016912e-08	-5.250214e+01	-3.177054e+02
8.640000e-06	-6.328225e-09	-1.019203e-08	-5.265283e+01	-3.186245e+02
8.650000e-06	-6.346081e-09	-1.021609e-08	-5.280140e+01	-3.195288e+02
8.660000e-06	-6.363683e-09	-1.024235e-08	-5.294783e+01	-3.204183e+02
8.670000e-06	-6.381012e-09	-1.027033e-08	-5.309195e+01	-3.212928e+02
8.680000e-06	-6.398039e-09	-1.029918e-08	-5.323353e+01	-3.221524e+02
8.690000e-06	-6.414754e-09	-1.032854e-08	-5.337252e+01	-3.229970e+02
8.700000e-06	-6.431200e-09	-1.035811e-08	-5.350930e+01	-3.238266e+02
8.710000e-06	-6.447424e-09	-1.038196e-08	-5.364425e+01	-3.246411e+02
8.720000e-06	-6.463444e-09	-1.040194e-08	-5.377752e+01	-3.254405e+02
8.730000e-06	-6.479294e-09	-1.042301e-08	-5.390933e+01	-3.262248e+02
8.740000e-06	-6.494943e-09	-1.044333e-08	-5.403950e+01	-3.269939e+02
8.750000e-06	-6.510321e-09	-1.046176e-08	-5.416739e+01	-3.277478e+02
8.760000e-06	-6.525313e-09	-1.048208e-08	-5.429202e+01	-3.284864e+02
8.770000e-06	-6.539797e-09	-1.050830e-08	-5.441248e+01	-3.292098e+02
8.780000e-06	-6.553757e-09	-1.053721e-08	-5.452846e+01	-3.299179e+02
8.790000e-06	-6.567209e-09	-1.056489e-08	-5.464007e+01	-3.306106e+02
8.800000e-06	-6.580182e-09	-1.058967e-08	-5.474781e+01	-3.312879e+02
8.810000e-06	-6.592761e-09	-1.061054e-08	-5.485241e+01	-3.319499e+02
8.820000e-06	-6.605030e-09	-1.062908e-08	-5.495451e+01	-3.325964e+02
8.830000e-06	-6.617045e-09	-1.064721e-08	-5.505437e+01	-3.332274e+02
8.840000e-06	-6.628787e-09	-1.066439e-08	-5.515191e+01	-3.338429e+02
8.850000e-06	-6.640219e-09	-1.068201e-08	-5.524696e+01	-3.344429e+02
8.860000e-06	-6.651337e-09	-1.070528e-08	-5.533940e+01	-3.350273e+02
8.870000e-06	-6.662118e-09	-1.072998e-08	-5.542904e+01	-3.355962e+02
8.880000e-06	-6.672559e-09	-1.074940e-08	-5.551593e+01	-3.361495e+02
8.890000e-06	-6.682711e-09	-1.076701e-08	-5.560043e+01	-3.366871e+02
8.900000e-06	-6.692610e-09	-1.078630e-08	-5.568277e+01	-3.372090e+02
8.910000e-06	-6.702250e-09	-1.080488e-08	-5.576297e+01	-3.377153e+02
8.920000e-06	-6.711597e-09	-1.082010e-08	-5.584067e+01	-3.382059e+02
8.930000e-06	-6.720598e-09	-1.083467e-08	-5.591544e+01	-3.386807e+02
8.940000e-06	-6.729261e-09	-1.084893e-08	-5.598746e+01	-3.391398e+02
8.950000e-06	-6.737645e-09	-1.086129e-08	-5.605718e+01	-3.395831e+02
8.960000e-06	-6.745802e-09	-1.087335e-08	-5.612504e+01	-3.400106e+02
8.970000e-06	-6.753776e-09	-1.088777e-08	-5.619145e+01	-3.404223e+02
8.980000e-06	-6.761595e-09	-1.090395e-08	-5.625650e+01	-3.408182e+02
8.990000e-06	-6.769218e-09	-1.091994e-08	-5.631986e+01	-3.411982e+02
9.000000e-06	-6.776555e-09	-1.093588e-08	-5.638088e+01	-3.415624e+02
9.010000e-06	-6.783521e-09	-1.094860e-08	-5.643889e+01	-3.419106e+02
9.020000e-06	-6.790054e-09	-1.095738e-08	-5.649315e+01	-3.422430e+02
9.030000e-06	-6.796078e-09	-1.096161e-08	-5.654306e+01	-3.425594e+02
9.040000e-06	-6.801554e-09	-1.096343e-08	-5.658855e+01	-3.428599e+02
9.050000e-06	-6.806556e-09	-1.096911e-08	-5.663015e+01	-3.431445e+02
9.060000e-06	-6.811176e-09	-1.097865e-08	-5.666863e+01	-3.434131e+02
9.070000e-06	-6.815474e-09	-1.098966e-08	-5.670445e+01	-3.436657e+02
9.080000e-06	-6.819547e-09	-1.099921e-08	-5.673837e+01	-3.439024e+02
9.090000e-06	-6.823457e-09	-1.100761e-08	-5.677089e+01	-3.441230e+02
9.100000e-06	-6.827173e-09	-1.101471e-08	-5.680172e+01	-3.443277e+02
9.110000e-06	-6.830647e-09	-1.101910e-08	-5.683049e+01	-3.445163e+02
9.120000e-06	-6.833834e-09	-1.101988e-08	-5.685691e+01	-3.446889e+02
9.130000e-06	-6.836694e-09	-1.101798e-08	-5.688061e+01	-3.448455e+02
9.140000e-06	-6.839229e-09	-1.101972e-08	-5.690158e+01	-3.449860e+02
9.150000e-06	-6.841482e-09	-1.102403e-08	-5.692025e+01	-3.451105e+02
9.160000e-06	-6.843495e-09	-1.102625e-08	-5.693696e+01	-3.452190e+02
9.170000e-06	-6.845280e-09	-1.102510e-08	-5.695169e+01	-3.453114e+02
9.180000e-06	-6.846709e-09	-1.102659e-08	-5.696342e+01	-3.453877e+02
9.190000e-06	-6.847721e-09	-1.103327e-08	-5.697183e+01	-3.454480e+02
9.200000e-06	-6.848414e-09	-1.103368e-08	-5.697764e+01	-3.454921e+02
9.210000e-06	-6.848856e-09	-1.102623e-08	-5.698129e+01	-3.455203e+02
